3443
7205
703
483
9593
2097
2797
3239
7262
8398
1934
8447
8980
6101
9343
9561
2136
4943
1706
5252
5604
8120
978
9774
888
78
3718
2982
3039
3960
5617
9250
7491
3274
592
1963
9950
6643
2614
8349
2451
1736
5874
9037
8228
806
3942
4107
6548
6454
6193
4371
5839
256
4281
7038
7082
6758
5298
2258
786
1318
9533
5068
1179
4965
4002
2330
286
6844
8000
3214
5688
1887
4489
3509
9849
7289
9244
6263
8262
9252
2562
6533
3231
6719
6133
7556
3832
989
7283
7632
2801
865
2232
7848
1490
8734
1841
8852
702
5497
3372
9907
9294
5355
6927
8983
7285
5920
767
4258
6680
5742
2977
5721
8756
660
9577
8218
9096
9897
8307
7371
8868
5345
3890
2218
7813
3232
208
6926
8678
8392
6123
9164
743
3699
4028
7131
4193
7816
5959
8898
6246
1974
2693
5379
1572
9558
9610
5491
4366
4559
2858
4214
7924
5892
4511
7223
6831
8503
4011
1402
8417
2673
5955
8630
4479
6799
6331
2777
2396
7675
4256
4553
3596
239
8147
5884
5830
601
6143
5467
5013
6955
714
1342
5186
8586
4612
704
6504
7856
9761
5035
5384
6783
9645
7335
2998
5792
1203
5714
7944
864
7726
8067
6718
2960
6678
6772
4286
7900
2342
5703
9488
5584
2651
4404
7350
1320
9087
10000
2814
9473
875
3344
1642
1142
6593
9273
8944
524
1538
3406
6007
1382
1263
4463
7008
3407
3513
7404
4173
9351
6432
730
625
1860
5400
9258
8278
7566
5845
7803
1228
2754
2801
8588
4113
8645
4081
7491
3718
1785
9546
3877
6818
4187
9423
9137
2330
6091
6020
2561
3061
9576
7811
8157
9226
5478
8167
2959
4998
989
5075
1344
4444
3296
9877
6408
2257
3205
1672
7032
7169
2435
4522
2161
4395
1883
6527
5457
2711
2873
2784
7419
3177
179
8117
5592
8433
790
8708
8561
3196
5363
3270
8908
6730
7193
5580
3856
819
8535
554
7792
5492
5456
3987
2020
6271
433
7983
5535
4089
8812
6104
1948
7689
3446
4605
4491
7946
2750
4846
3405
77
4853
6997
3685
2721
5307
5266
2941
6776
4981
9141
2567
9554
1565
9257
8034
4978
3789
1212
1981
7331
781
6037
3161
1800
5691
6696
456
9311
6235
8650
6798
8660
916
8392
2799
4390
4258
6957
1371
963
494
4661
8179
793
1651
1056
1553
8264
2561
8822
472
4991
6914
7246
6811
6146
8296
4824
3592
7252
1066
7054
9146
4321
4003
7484
4757
2913
5767
5575
6253
8050
6631
1369
4597
3704
7789
6705
1777
1889
1152
5849
2440
8823
4598
331
6721
7475
2676
1864
3156
5887
599
1276
9198
3230
2744
4165
9046
4287
785
2238
9206
2977
818
5360
8681
1038
8701
461
8295
3581
2838
2069
2399
4389
7480
6783
2739
8668
5892
3511
1694
1045
4269
89
1036
5660
2777
4211
2180
8421
2104
7491
6019
854
8772
6407
4009
1790
5714
756
9899
1383
811
7422
6946
4559
9197
8681
9215
5583
5403
3135
9349
1233
8979
8780
1159
4646
6403
8788
6968
478
7076
518
1531
4017
9879
7226
1189
4778
6602
8699
7245
6874
5007
9854
6209
2993
3720
934
4343
5514
2776
3228
8412
7842
5854
3009
9981
8560
985
3136
2020
9458
3880
7641
4580
6776
6597
1361
850
846
9131
8328
4116
4965
3546
8112
4160
4799
4478
4650
3453
9263
3128
7951
6700
8895
6934
1384
5213
2831
2281
8344
3446
5094
9845
4036
3030
6330
9554
1869
6665
8514
4312
6016
6698
3873
5746
6585
3505
6161
2672
8715
6081
1030
9491
2464
2845
4103
7163
2413
7312
1552
7299
5551
3072
1373
3268
4019
4014
9498
9229
7388
719
1284
4863
5113
9696
8737
6806
8675
3492
2109
8939
7969
8718
9095
9981
4803
5421
2731
18
123
8397
5943
1570
1112
3890
6429
7316
7467
6922
6545
2216
873
3364
9331
9655
4897
1046
8634
8028
3675
9817
7211
9655
8544
8339
8538
22
7507
1485
8331
6891
3678
5347
6302
2163
7493
3599
2593
3598
3493
284
5809
8104
8241
9284
8943
7936
7903
499
3125
2294
169
6153
7482
7937
5738
9898
9163
1671
3804
2905
6460
1248
1114
8417
1660
7906
6976
7792
5373
7746
6742
5950
3646
358
2410
9777
2212
7848
9729
8040
8426
8317
7353
8372
2344
4564
3066
267
3677
8264
8850
9501
2398
3657
2601
9424
9785
6989
2595
9076
4972
7399
8287
3436
2488
7919
5497
3688
4617
2115
6221
4609
4280
2348
2173
5941
8447
9129
1220
7931
5008
929
2774
6428
9293
4527
8496
9038
5558
6452
7937
9706
6025
343
3109
3312
777
7749
1937
5353
8465
71
2790
3902
2221
9512
8406
5511
6909
24
4669
1443
4372
3914
5834
5450
1790
4324
423
7350
9071
8526
1099
1104
2499
9575
3435
7970
2873
4227
6533
1495
6620
3845
457
4915
270
7323
9895
4580
4387
226
8782
5248
5053
7551
3168
4785
8033
56
1362
8779
8576
7593
3477
1073
276
2850
3054
4768
2721
6733
5656
5163
9973
8954
350
1852
8101
2355
8542
6166
4098
3292
7277
2357
9389
2823
9566
3926
7340
3435
1994
2782
8844
6776
5017
1890
1066
5186
403
9225
3486
8917
9910
6273
6108
6891
4882
7126
7460
8576
6438
7952
654
3227
2842
4881
9317
2442
7954
3257
474
6028
4715
7450
2480
3973
4510
6889
8906
5725
4742
840
4476
6430
8370
550
6472
471
314
7898
4100
1317
1115
3062
9843
5707
7670
9361
440
8858
1428
3013
7723
4739
819
2550
9594
3993
4493
4545
2904
7042
1402
4828
9352
8422
2619
7181
2590
370
8167
1332
5808
6855
7967
7104
2856
3148
8625
7658
9416
4459
1784
2341
7731
9055
4775
5952
7992
1358
4358
914
4880
2438
5093
6985
1180
9072
7283
5647
792
519
1366
8205
6467
8854
6013
5023
2666
3452
7176
4394
6575
6602
1726
2671
5984
802
5467
6045
4770
8531
7185
532
5551
2519
738
1527
861
9005
8483
8607
5139
3862
5403
5932
6635
6409
9826
8575
9705
5087
5964
3703
213
3376
3614
3422
8058
175
600
2869
7139
3511
2811
6448
3495
3382
7095
4180
789
7386
5704
2646
5943
9086
654
2337
3141
4997
4084
6140
8269
5476
5213
798
7204
6837
4253
4325
3667
4158
149
4620
1086
7784
5854
76
3143
1944
2360
2322
4039
9856
3994
667
981
9110
6330
9550
3615
8060
9556
2026
7105
8950
7013
5412
2258
3214
4133
2375
4053
6974
3619
3125
1180
2097
9679
1285
9233
8187
1979
7720
3036
3788
8915
5095
3401
3990
1702
4714
8035
980
333
1869
8851
9676
918
7413
8481
6115
8138
7132
8551
9096
5492
9782
3221
687
4132
1201
1849
6384
5215
939
6081
790
7227
2516
1595
1623
2707
8625
3132
3512
3044
9769
6256
7613
2955
4450
6366
7616
113
7709
4091
8934
1355
3954
8129
1644
6807
5796
8806
583
4771
9100
7531
798
6614
2681
3010
5131
3766
2825
2722
4829
3115
5884
7964
7221
6118
4684
8799
9684
7604
2382
7168
4690
8314
3240
9520
1289
1928
3417
1121
5929
479
1810
4546
7542
1585
1568
8966
6845
5730
419
4809
5223
9221
5700
2344
6550
6109
7990
8570
7104
2672
8578
7662
628
2470
7891
933
7420
20
2655
1438
2557
8585
3558
187
5538
3472
9105
2539
855
7209
474
9431
2028
4720
5603
2174
9327
1449
2301
5856
9819
3974
1547
7683
6508
3254
589
9710
2563
2266
350
4892
6428
5407
2113
9978
4678
8608
8952
3088
2214
7070
510
1863
4874
7728
5939
2474
2844
1543
1908
3358
4368
4885
22
2566
4601
3238
4784
6464
1480
705
6690
4843
8719
2966
7909
5459
1573
7825
5751
1326
2012
8348
8652
3220
6912
6792
940
3209
2291
3108
8524
3879
7493
2792
1272
4911
1215
2409
3343
2089
7441
3590
9603
3592
9713
8089
9554
5732
4387
3901
1968
2348
9337
2493
7094
6496
9009
6429
125
5251
4163
9403
8061
5223
8914
6970
4194
8823
7516
6223
6262
2237
5697
2026
1132
4183
8900
6128
1954
9899
2471
9863
9487
2445
6021
4244
4493
929
3548
6701
3101
9894
3942
1619
716
2217
5592
5991
5516
4485
2170
2125
5891
2025
7517
8722
3998
9812
9087
3648
7222
9815
9123
7118
7152
829
196
8283
1329
4929
6431
5087
6911
2355
3696
8322
2050
7565
1487
82
3350
1889
67
8081
8455
6279
6908
2675
5702
4058
1267
2777
3201
2336
5422
6725
6373
5696
652
68
6750
5935
2495
8340
7316
5965
8654
8873
4341
5807
533
6748
1599
1399
619
2163
8360
189
1620
9575
3383
6941
4491
656
682
2097
2029
9003
5212
567
4052
5092
1794
6040
4685
7342
1704
280
2067
5611
7991
9670
1492
5299
1055
6395
940
6810
898
5678
5804
3001
6646
8379
2132
1780
2815
7080
6996
4877
6453
569
2614
72
3612
3557
3930
1905
1532
6547
411
7185
5124
4631
2136
6890
4227
6619
1761
2323
3960
2441
4048
816
4424
5224
4523
9282
6147
4115
8394
5766
253
5463
952
3955
8061
4662
1357
4869
1114
5056
2378
2276
6792
6636
3477
1742
8536
9317
9564
5943
380
7083
6126
4689
6488
674
8606
6605
375
3734
9125
6525
8196
5535
3552
6227
7760
3725
3216
497
220
6614
3035
989
591
2042
9784
9646
3903
4288
7315
8163
1495
8382
2292
1407
9232
6232
4779
6359
7202
7879
3569
2820
7906
7641
8261
3077
7728
9247
7424
8702
3022
2655
8701
6088
770
8824
6549
7662
6554
2060
525
408
7656
3276
6998
2351
7749
4010
395
5422
6029
3128
7880
8773
1966
4968
7948
2284
6729
4644
9443
9030
4289
864
6986
9000
820
2425
7308
8492
8450
1431
2184
2884
2948
5805
3216
7214
9650
8801
5702
5082
4640
3412
8558
4750
1018
8114
4295
70
1009
4817
2598
9952
446
3519
2921
6265
8826
6641
6046
4453
887
8879
2081
6792
7457
7793
3669
6547
2048
4183
8235
5626
3698
4486
9646
2836
9778
8056
6707
8411
5450
8553
5891
9941
7858
9839
2429
5555
7291
5004
2173
4458
7768
6934
4983
2692
8933
1125
1957
1148
4500
1691
911
114
1205
7702
7955
7117
5511
3732
5231
7226
5004
5238
5856
1375
6983
9560
3614
9319
8777
6872
3771
893
8463
7418
6090
4814
8947
1913
2025
1836
8785
6676
821
6258
584
3616
9732
559
4989
1763
324
239
8411
1567
2056
2810
6602
9417
5596
4597
1216
116
8817
2875
6873
9096
445
3278
457
6951
1333
7895
7029
6290
6211
3531
4192
324
7407
9231
5905
2919
855
1038
6655
1302
6255
5586
7552
5369
9322
1513
8003
2116
9103
2302
2984
6375
9998
2107
7611
7867
9796
3698
3766
9589
2678
2348
6754
9586
9257
4149
65
5615
9176
4828
8944
5688
8910
5470
1284
9009
5512
5510
6189
8684
3809
4750
7053
5123
3261
6418
5041
1900
1501
9422
5163
3508
7718
3137
5204
8723
9362
2640
6458
3464
89
5277
6205
5315
1477
7377
3848
6367
1504
955
2713
6503
8870
8350
8836
7420
1321
3272
7216
4978
4437
4225
5549
8830
3808
3538
7786
8811
4008
3709
8115
7851
3424
8383
3429
9710
671
2947
4031
1310
5332
1774
4873
4999
6309
7056
4860
4316
4953
5651
4613
5089
9514
9495
8385
7039
1415
5092
235
4159
5360
4594
9340
6497
4330
4662
1380
5334
3893
2342
539
6605
8655
2293
6278
6456
8233
7907
4779
8226
9503
2300
8159
4504
6209
4109
106
7883
3832
5948
6401
9426
1217
7671
7841
5761
2547
8594
2754
9292
177
6783
4324
920
5282
3604
632
3141
7325
4105
8813
2528
1250
5439
8970
8051
4684
3659
8312
1895
936
1391
5931
1526
3630
1919
4028
6803
6294
7587
6667
995
380
5098
9222
4526
427
3878
1803
8642
9823
9793
1874
4008
4239
8257
4649
9880
3768
6105
7890
1004
270
6472
5091
9923
4883
7980
1559
473
3633
5998
4526
1453
5276
5155
8816
6117
2470
8953
374
8572
7208
9798
3215
4434
7540
4611
8129
3334
6137
4388
6988
5602
8003
2494
331
2123
3049
7541
934
4419
4408
5229
1402
5651
5358
3488
5844
1896
9865
5982
238
8528
6608
4493
4155
4582
3838
3911
1519
7173
5931
5951
1458
8742
145
2897
1715
688
3385
5618
3500
6657
8644
8595
7257
7227
9705
2910
1843
9716
6150
5076
3555
3159
2159
11
2022
6235
417
2468
6282
2787
2253
1933
2985
5588
615
9018
4218
5090
3947
7322
7805
7741
2611
3751
3525
3338
7104
197
1077
861
9117
7015
7799
6847
75
5423
2775
3895
4661
9832
3572
772
2565
8638
170
6649
1018
8531
2811
1815
8251
9062
2588
787
550
5073
212
9483
2275
1173
7246
700
1961
6192
258
1127
6205
219
4927
5041
3806
7843
6036
2090
3658
8423
8936
4551
4881
6259
6031
1162
256
1207
4319
4971
273
7499
8563
4616
4682
7439
5053
5067
1065
7665
7352
625
7788
6076
7491
8361
3702
3877
7162
6519
6647
85
9243
8511
2390
400
9467
1400
1048
6104
219
1883
8560
6556
9608
5413
4
9732
4370
6939
9705
3505
7182
8165
3939
704
4699
3746
5232
8635
2054
9622
627
5578
2960
3462
1203
9837
3926
6955
3753
7944
1250
2540
7424
8322
4291
190
688
4681
5642
9606
2882
797
6780
9632
2907
1936
1064
4448
1873
2862
8910
400
3665
8340
963
6707
6282
7063
3095
3221
7460
7427
3866
7299
2284
5384
1215
1186
9307
304
104
6996
8521
2012
8242
8399
178
6017
132
5147
5989
40
136
2428
5461
180
5716
1253
3326
103
9032
614
1378
1053
5852
7436
6877
3910
3039
2388
866
7611
2331
1758
9572
9272
4167
8860
9990
9956
2983
2553
4743
1624
6637
9854
6859
1542
6468
5161
3367
5058
6087
2767
2632
1198
290
1582
6115
1913
8459
2667
4188
6336
3454
9867
3689
895
9575
2164
4592
6929
9728
4900
8085
772
5717
106
8286
3402
6627
120
2748
9320
3435
1609
8580
2580
6303
7393
584
6
7248
7287
5541
7489
4226
501
9064
4161
2155
4843
6072
9581
5779
134
9931
7473
1309
1269
8705
5789
9899
8276
5420
2993
4738
7902
7128
117
3809
2857
7152
9461
3568
2074
8603
5669
668
4424
3067
9151
2730
8619
5368
7904
3426
5894
8562
9251
2509
289
8964
557
3954
1555
803
4289
5717
3324
5810
5571
497
6170
4767
6394
2658
6095
2556
6327
7833
2318
7919
1667
585
9629
2749
5241
2071
5319
5430
1171
8946
2279
4078
2371
6553
4806
7764
6800
8855
6645
2116
6335
4062
971
1055
7071
2323
9537
600
7839
2279
6253
5194
4330
1509
7588
2373
9394
4358
6827
5153
9710
4899
4645
3433
1428
1987
2224
9486
7683
8112
5657
6627
550
1330
9393
189
7847
3920
1479
8677
4843
177
3299
7424
9347
8308
8997
3746
3636
4436
2835
3631
4085
1815
1957
9610
3952
3940
8599
988
348
8766
2738
7857
9565
7829
2375
4454
658
6085
1653
5906
6169
6384
44
181
4646
5057
5304
9867
3049
5956
7025
2562
4276
8275
2095
6195
9515
8142
5785
40
9173
9690
481
8785
4923
8440
5722
6937
5641
5026
6609
7674
3151
2244
3941
4422
97
4521
297
4384
2296
2723
1035
345
427
1202
9658
7326
1239
7609
2961
9794
4803
9779
7454
5610
8152
9035
795
5589
8913
2272
9336
1614
7437
6029
9830
5306
2089
1506
2695
4199
2951
6011
7038
4212
8838
3361
5578
823
6515
5044
7222
7734
5252
7039
8994
9510
8339
392
8896
1044
8881
9885
9011
2031
3183
8822
5680
3343
7929
7363
119
5895
1398
8241
9484
4453
8630
2479
3712
2956
1285
1504
2479
6039
3380
6600
7767
9167
2542
4739
7020
4624
6830
8155
770
5071
3214
9613
9583
1486
5238
4666
1690
4461
9472
1534
4570
6749
5391
5466
2981
3328
6330
2293
568
3331
6190
3313
8214
2211
5697
9548
4367
9320
1114
138
1803
8800
2551
110
8063
9629
207
7515
995
823
6123
2208
6632
3297
654
6748
5627
2660
3694
3896
9706
595
5266
1691
9563
5649
8790
1080
2094
3818
1349
6239
4836
961
5369
8731
2692
8059
9110
7287
244
2402
5398
119
528
226
8448
9060
2728
2574
5747
4697
6420
8909
212
400
6475
4475
9473
2220
7508
7549
5929
4182
9267
8679
6913
9867
1879
8807
4299
2505
7561
1544
2495
984
6292
7919
898
8545
4025
5265
4791
2323
8676
9446
805
7447
3987
3617
7959
941
5595
1085
7272
3959
8880
5525
741
2238
111
6213
8350
8744
9166
3811
2920
3675
518
8741
3060
717
3532
6557
4181
3353
4820
9797
9211
9619
957
7356
5605
7863
4778
8853
1606
9377
4092
5407
30
7893
51
5488
5428
3539
3609
5620
137
9753
5528
8168
6353
9589
1158
1708
7404
8049
1798
1440
4067
5828
2910
8001
951
3738
2401
6209
225
1773
5769
4547
4013
6226
8661
7344
6770
2513
8252
317
5813
8042
491
3974
8664
9189
3049
3832
4477
3310
6346
4717
1920
159
9106
1340
1485
9333
7612
216
7605
637
9110
442
8089
5188
5865
2637
2315
3113
1279
8071
2980
4513
9762
8770
1022
6589
2154
7209
2892
394
1550
6937
1059
2129
7064
7440
8752
457
8358
9424
9063
8691
8680
3661
5677
3228
5584
840
5051
2716
4054
3218
5084
4088
1419
5864
8632
9417
4541
9206
8543
7250
4348
510
6266
7613
4341
3229
8887
643
890
9297
4047
8983
9244
1587
9507
6378
989
4338
3586
3493
2407
3598
5497
4007
7639
17
75
2671
7128
5768
7970
7067
5018
3050
4387
2089
9742
9467
5584
9475
1665
6546
988
807
6411
512
26
8291
6979
88
8687
4101
8903
2411
6457
9701
8525
4495
8267
5001
674
557
6037
5457
849
3825
4018
6796
9307
898
6100
7749
9396
5444
5167
9434
6063
7119
6675
6861
8378
5714
515
4887
9755
8731
9723
4993
3741
7359
3581
1498
5048
9880
3228
2497
8090
1514
1774
7826
740
384
2753
8306
8593
7343
403
9744
3616
9606
2274
8792
805
609
6506
5038
5972
1480
7604
2495
817
3799
2843
1186
6302
8346
1739
3171
2489
1238
1442
532
3248
5718
2113
855
7026
8570
5373
6702
5602
3077
2081
9424
1001
1416
6810
8803
9485
4830
520
2813
3450
3488
253
7524
358
6125
1586
6083
4269
2591
4948
9253
5879
4927
8072
7117
4050
3433
7774
6086
7867
9533
5885
1645
1093
9736
4613
1685
6259
5945
2711
6354
2753
3541
9433
9213
1715
7078
2701
570
7478
1851
4861
5605
7869
9157
6757
4126
8527
885
6779
261
8758
3126
1938
541
1971
2921
6301
6011
7731
5815
8247
4425
9733
792
1606
9595
7080
8409
7362
5924
2844
2346
726
3098
9682
3829
8268
5500
6414
1513
2721
8049
4696
2831
4072
3548
4016
9028
6237
3844
1056
183
2214
6838
5426
5061
3817
890
7214
5770
8394
3286
9450
9843
1176
2692
9642
729
8345
2684
7422
6136
2720
6169
4120
8301
1620
7518
2068
9407
3758
7746
2114
1877
4782
1690
9636
9133
2805
654
2381
2175
6871
5264
7076
9576
365
3671
4755
2737
4419
5258
2631
1491
4008
952
3618
4360
2242
9880
7517
5992
6237
2599
1055
6087
6497
348
9561
7855
8270
4654
6096
6400
2053
424
9456
6083
746
7238
2833
4723
2450
2467
6144
3521
6224
431
4785
6233
6641
7653
8013
2114
7274
5656
6241
4225
3710
9415
2701
738
4454
866
924
7565
7130
5926
8131
8222
905
1584
2859
9398
5354
228
7170
877
7729
1650
861
4520
4699
1111
2901
466
9954
5881
7552
5486
3300
9240
3024
5192
2901
2695
6693
3872
4071
8933
5674
3078
4350
2645
2108
4482
4130
8014
8131
4894
5000
9516
2589
4496
5240
3756
2090
6931
9829
6438
8638
9577
8183
6070
1220
9718
9427
5633
9680
3978
7372
8350
477
9561
2785
342
3950
5020
1746
3017
5149
736
8549
2690
1690
7487
9554
4484
1041
7605
4285
9311
1805
112
9466
6529
3450
5799
6817
2372
417
6684
409
6538
7313
6338
492
2863
3520
334
6329
3698
9587
9172
4253
173
3013
7353
2770
204
6891
7981
3374
4856
5759
7356
9996
7511
330
8762
3247
9952
3974
48
8334
5930
3973
384
5699
8599
2540
5273
5514
7616
1895
1087
842
8673
1933
3241
6846
8675
3153
1488
1323
5943
1884
878
3568
8072
7370
8532
5090
357
1074
9545
2172
3644
7915
6934
3728
464
9928
5920
927
3769
5860
4227
541
7748
9735
1787
2413
3249
3302
8552
6406
8991
5071
4870
9231
9832
9833
8174
4950
2116
1936
8293
2375
8603
1170
8908
9872
4758
9047
8996
6925
8425
1992
9961
9835
413
710
8396
1776
4797
155
8720
6476
9616
702
7801
9929
2731
1706
8462
8314
4769
443
2764
4725
6243
2546
3867
8923
6516
444
6683
392
5330
4537
9123
7581
2954
6789
6339
4543
2372
7692
6621
4113
3323
1346
7779
452
2519
6949
8090
6809
933
970
6827
4641
7480
9329
6292
9882
5614
4314
2178
5661
5723
142
8674
901
7618
7746
3714
1176
9041
1766
5306
7923
7050
6472
2928
2840
6093
6924
7643
1957
1750
1779
4079
5566
4927
5197
7713
8678
1726
5613
2795
7442
1550
2074
5050
4996
3115
9076
4152
3774
9547
4329
3114
7231
8532
5989
2255
3626
9537
990
6192
4700
6910
2133
3505
1134
4097
9759
7620
4460
8772
8843
1290
2360
2960
1108
9190
259
6486
5141
675
3696
9030
7613
994
3373
9846
8828
5983
3709
5815
3184
9810
526
3970
4980
4760
8285
1469
4431
9568
2446
7202
1886
4656
5010
591
7570
1863
6009
9189
1239
7912
1648
6297
8157
8479
4145
3664
359
6949
8133
1632
1059
4441
4647
3142
9830
2098
966
9148
2159
1329
4647
9352
7071
6277
7042
5974
8711
7714
2275
5833
5723
9119
7913
6865
4401
1476
9220
3054
7744
563
2309
10
4582
3579
9350
4754
3056
3894
1574
6300
2565
1259
3324
5967
1140
5373
2974
2673
9653
7938
3950
3439
9897
497
7639
2114
984
9353
1538
5371
8354
5742
3312
780
223
3782
1528
2827
8585
1610
7388
6590
4
1793
5935
2298
6947
1240
1249
4244
7441
2411
7301
2268
418
8232
4067
6413
1582
6295
9171
584
5438
8354
589
9145
4084
1016
9973
8695
7600
4420
3077
9755
2706
4494
7103
7953
5933
6147
974
3665
2679
1687
7457
1914
9789
9058
4244
6672
6927
8297
6662
5356
1526
1223
893
6125
7862
5750
6075
7508
7338
2470
1415
4247
8267
1600
9277
4574
123
1847
5266
8195
1498
593
5940
2606
4556
266
5163
7091
1418
7191
1337
913
2219
1231
1904
739
2210
1420
5771
4355
1819
8034
4394
4018
6689
8706
8192
611
978
71
1537
4803
280
3274
3567
1207
6099
6270
6717
8786
4991
1868
3526
726
1485
3432
272
1593
5942
1586
7509
1097
5225
9795
6527
8392
9668
7997
3964
413
1555
1488
6902
7172
8617
5016
1108
5860
6519
9126
8734
7003
2041
2661
7093
9810
1981
9277
6973
8419
7624
4220
301
9660
6987
791
279
40
8804
729
3703
8358
1970
6790
8771
9781
6483
5985
6617
3937
7816
4674
3460
2580
372
6319
2964
9374
1404
2054
2207
8475
1498
6974
7341
5655
5424
2646
5299
5508
6999
6895
5737
7680
2117
9754
6284
8351
963
4036
4385
8381
338
261
7879
8053
2601
8256
2550
3870
4528
2992
6622
1759
4288
860
6803
9730
2286
2557
9153
7630
7151
4151
4364
9531
6836
9113
5840
2637
8758
5877
7865
7959
1366
9460
8863
6731
2357
2034
1818
9166
9399
7652
7242
2090
7498
9287
1854
707
8184
4112
8413
6342
3940
7614
1648
3949
5555
7001
1480
5269
8614
5960
8591
5916
1542
3962
8369
7556
1993
9109
7911
3272
5177
880
2394
7788
258
9589
2730
8779
3596
1867
2236
8133
7482
7582
5009
5748
7251
9163
2424
9426
1796
1242
7109
6159
9406
2847
1978
5389
9246
8132
4822
3110
9551
9905
1690
8685
8677
9561
5949
4550
5613
5576
2603
8459
5949
6046
2161
4001
9447
6862
9692
3673
7873
1070
198
2548
3715
9079
7364
264
3808
1638
961
3123
6811
3670
520
5461
7093
8578
9224
8658
3160
5107
5361
1233
8738
9367
4181
668
1441
5492
7987
3114
4782
9111
4856
5128
9949
141
5813
789
1590
513
2945
5392
8795
2525
5203
9363
4730
4051
4213
1847
1522
8443
1634
1940
8936
4842
319
1561
8849
8919
1306
1328
7312
4687
763
8508
7018
4463
2716
1619
3166
8914
8216
2030
2408
7309
4447
8195
9728
7062
805
6866
3415
8568
7848
3146
7316
8473
5941
8069
4580
1306
6013
8165
2551
6717
4617
8461
1823
8026
5812
9215
3383
9162
938
3653
6252
5380
411
5427
7924
6577
1203
7312
9352
4731
9145
5155
6946
9982
2821
6720
1853
7140
829
6346
7577
1115
6607
6126
3862
7930
9831
566
972
5786
2336
5310
8932
8749
9218
8264
1947
5754
816
2348
3359
7236
7170
9801
6174
7794
1644
4967
8304
1446
1665
616
5306
6947
9400
2213
8363
819
5537
8163
3047
9989
6711
6506
222
8789
3127
6316
7455
677
3486
8882
2329
3291
9734
9578
9910
2178
20
8667
7125
1540
1473
8782
5755
9831
1379
7331
8496
4646
9017
8
7476
9431
1859
4828
4337
5123
5982
9417
9651
5347
12
6565
2728
1086
7484
2077
1930
5410
2460
8379
4622
459
2326
7057
5317
2649
4341
2444
8380
351
997
2359
4202
8132
4528
7499
8829
1219
76
5207
810
7317
3382
239
1280
9289
3590
9762
7572
5534
3747
7792
8759
8548
1463
1179
7621
248
5111
9634
6815
8869
5286
5963
412
8364
735
2461
1239
6117
8436
3869
9575
9025
9901
7297
479
8704
390
6815
5651
2075
5817
1504
9754
9685
5285
2277
7739
9769
7177
893
8646
9183
5685
7568
203
6916
9959
7785
5898
3926
4200
7887
9242
8
645
1044
6576
3399
9386
5225
6382
8938
559
1215
2329
1378
9282
1146
8635
9292
9603
7504
8699
9384
6265
5037
2945
473
395
1538
4144
6282
8154
2471
7967
4660
9648
7531
6677
4127
7572
3403
7750
8460
8825
3629
5685
9982
6783
395
9719
5171
7268
1344
2891
7776
1817
6196
4781
4169
1243
6362
196
7624
5982
9449
4436
3910
5812
8193
8897
7098
308
3829
8989
5175
910
1197
6576
1904
6173
7391
7691
8285
1832
9814
2399
1596
7985
3266
8321
8122
4290
2007
3507
4258
3831
7136
3334
3370
5916
9363
6066
6713
7586
687
4104
7274
2108
2778
8666
3803
7259
7406
2281
4072
4866
899
129
2594
9620
8131
3842
1710
6009
1472
9014
674
6398
419
9261
1220
9265
5357
2920
6258
2296
1337
8373
3879
8408
3251
6328
7884
3733
8260
9764
3380
1098
9975
3022
1847
9363
1786
4537
1517
4070
1361
2466
773
2110
8979
494
7716
1856
4242
6118
4482
9800
3287
7292
6363
7730
7893
6049
2059
6673
9665
7027
97
977
8878
8131
6819
6447
6558
5292
5483
6251
7915
3175
8678
9553
3926
3344
9791
5342
8781
8848
6775
7249
883
7997
4190
7844
6960
3413
1888
6512
6456
8623
3091
5773
5731
4739
6702
8341
3470
5809
2865
187
4098
7061
4813
1190
4472
9391
4857
5586
6973
5071
8552
8287
1758
3699
2248
4444
9733
3477
8984
5585
8325
6686
6753
429
511
9018
4609
151
298
6103
4177
7209
2537
3868
546
8268
5796
5864
7645
3039
4948
6598
348
4630
6509
8840
4620
3241
3523
3582
6503
7588
2148
35
2460
6925
7770
9002
6151
8960
2541
7734
9142
2525
1378
1608
3352
9191
7763
9232
6111
1195
577
9038
5899
5389
8769
8658
5153
1939
819
3758
5573
2350
622
692
743
9166
6206
7492
1397
4265
1707
2566
7421
5059
5442
6945
976
9052
4495
4189
3480
796
3157
9487
2083
6288
641
2083
8145
1718
9599
7818
1667
1527
6574
5749
1100
8291
4680
1319
1420
6318
7063
4157
9551
7182
7580
6852
6027
1221
9412
4919
3758
7451
8671
168
902
6203
9158
7366
9673
7306
349
980
8075
3810
9590
1163
1816
2630
3587
6290
8947
4241
5491
9545
7357
7159
4799
8244
3710
2590
4769
6586
419
1847
1909
9651
4138
9734
4746
8925
9754
9651
2502
5476
4994
2640
5875
9127
3821
1940
5670
5454
5202
8599
6885
5709
121
572
3184
7635
7225
3438
1247
7189
2220
2738
8331
8664
6660
731
2916
7330
877
3477
298
6790
2906
3512
4202
6580
4211
1955
6595
4757
6038
3198
2377
8029
4649
6013
9409
5674
254
1724
7137
8563
8093
3857
6203
2347
4982
6649
9490
1115
2690
2169
2392
5084
5570
9013
796
1064
5396
7088
1873
4186
7668
8106
448
7255
6182
7882
1941
6241
2778
5762
149
463
6289
8058
16
8502
7579
9188
7268
190
8012
3288
6132
9434
953
3526
8486
9165
9583
6290
6612
3275
2532
7367
1239
7071
7344
1312
3494
7332
5593
9436
8348
4455
1690
5767
4403
4055
982
9358
6148
8750
4321
3830
5524
8643
6614
4309
7497
3151
1100
6951
2023
6637
7131
4063
9052
8633
3768
1083
1615
9951
7343
6521
5216
9187
9240
3699
2164
1959
1100
9398
9255
5415
7797
7727
7457
5807
8030
8413
2112
7807
2244
4729
8283
9479
9073
9698
5809
3066
2994
7287
2525
8547
9433
3121
7810
5220
20
6900
8720
9819
267
4676
2725
5242
8655
1604
5077
4918
2024
4876
4752
5541
2829
2429
5439
1139
5263
9472
8189
161
8510
4528
3572
6293
7145
9185
5624
9176
3736
5501
7884
3593
1175
3023
6857
4025
3612
9044
2548
1850
6556
5391
2648
5216
3858
4637
2202
7887
7771
8230
921
7254
3335
4548
1745
2092
5323
2700
6637
8532
1390
3222
264
7648
5882
5067
6079
9958
2574
8582
1094
7886
8948
6268
3474
6034
8111
4723
3197
1062
8293
6104
2902
7646
8262
2639
1439
7233
8664
4675
7521
4171
6860
7207
1586
1967
4683
7937
1113
149
7583
9056
9300
4937
6233
5617
545
430
5332
9792
5886
7681
6339
5843
9970
7988
2407
3402
345
515
5768
8359
8221
665
3322
3948
7556
2067
2661
8160
777
71
5773
1206
6894
3782
6026
6416
8098
4450
8302
6007
7980
5675
1292
9486
1585
3393
5800
5144
4097
2934
82
7891
7439
6086
2413
4341
7944
221
8554
3024
4674
3374
1348
4767
5783
6995
1689
1663
7242
5002
7750
1929
3642
3735
8194
5585
4406
8484
2370
3327
2420
85
1881
7796
6444
7295
4189
2727
8985
5215
870
6958
1822
7176
5440
8289
6519
3150
811
4759
6003
5972
8583
3786
3362
4079
3262
5807
7231
8170
2883
7370
867
6736
8102
1219
1705
3306
7637
8546
8612
113
2316
6008
6585
8465
6664
3195
772
3247
8172
150
2018
9197
2301
2611
1605
6441
6501
9675
5648
9502
4523
8129
1094
5061
1337
3428
5060
7289
8234
1841
4447
5910
5612
4042
3708
9101
4214
1172
194
2989
1927
8256
6465
4693
1739
4882
2188
9570
3429
1706
9233
9251
1217
3182
8255
693
6267
511
437
1841
4851
3351
8086
4091
7444
2385
7286
685
8956
1758
9998
860
6873
6862
5596
4214
1933
463
1916
5775
564
8200
272
5791
6091
4235
1622
91
5154
6247
8994
4898
9915
870
5225
3421
4609
7316
3738
3074
2230
6637
4685
1567
4575
1006
7217
5814
7974
7621
4204
5210
5679
5312
4808
3045
9867
9664
1389
3246
9143
9851
2752
5715
3830
466
1460
3896
4689
8402
2945
4703
6586
2785
5303
5348
9151
7549
9920
1947
2628
5684
6752
4943
5434
920
4018
3747
9779
7551
548
445
6779
3580
4145
9156
9293
9827
3420
9284
9921
2981
6451
5558
2966
6788
4715
4472
9842
6101
7881
9774
3861
5865
1638
4540
3270
1761
1993
3827
6410
3164
987
915
6881
4921
8339
2288
5740
8984
8740
8833
4710
8286
2944
347
2365
4515
5534
8585
628
1090
6059
9187
3227
4684
1410
4058
1904
4887
2329
6445
9649
4728
4968
3981
1453
6364
2864
3743
8603
5551
4153
2376
6808
3023
2594
4983
4378
7354
3829
3952
7895
6783
4989
2137
1919
1163
484
3685
6492
9144
2254
3439
416
5559
8515
6391
4292
4905
6760
4324
4358
7507
3008
4695
6589
8252
5709
279
7738
2576
5823
9289
8721
8372
8926
8678
29
6750
2983
7442
7037
3032
8629
7876
8955
8437
7991
2822
9870
1429
1258
1372
3056
9628
7343
3122
8474
2402
1786
7706
4075
934
3403
5683
1920
4914
8170
575
6570
1806
5840
1160
6619
8484
2411
7801
9557
9239
1611
2996
4534
7235
2772
2295
7969
1891
2942
1861
5748
4238
7890
9148
837
8451
9760
294
2315
996
6407
7186
1829
2613
5006
435
5424
8408
9552
982
9514
5577
2312
1865
4577
1283
4678
6672
2975
559
6533
8213
9056
9265
3171
3105
2875
3740
6142
8497
7526
2478
3545
8792
4231
3320
1825
8314
8512
4269
5588
1991
6694
2187
5379
5925
924
7304
3526
7120
756
4890
252
2264
443
1020
8852
3658
2377
5470
9767
9592
8049
7600
4377
5954
2254
9489
2798
2074
1764
6685
7088
3317
3109
3157
9320
3638
4674
1517
6241
3090
9516
2231
6906
4087
3210
7200
9570
1195
4994
3973
5923
6890
6214
7996
9343
236
4629
6082
843
9689
97
3452
3722
1642
9749
6768
5239
8830
2012
2806
2886
8899
8053
2940
8078
6679
5301
2687
1516
2076
5362
3912
5420
2030
8486
1698
2095
5221
1955
5512
2038
650
4138
9556
8000
2436
6397
7998
2089
4216
9153
5446
6344
1577
7964
5457
1091
1372
9635
5282
3463
2536
2266
5831
4447
5880
8876
8906
5813
8516
2766
4492
1535
3470
6700
3458
2752
7798
94
3805
2239
4599
3547
395
2087
9560
1650
5259
5163
9667
564
2788
1421
9634
6141
2086
9600
300
5956
8154
8914
6188
2843
4416
5675
3826
181
1234
8420
7517
9166
6825
1382
5648
1160
3088
385
3043
3289
3432
4291
126
4649
8203
6210
7549
6011
7371
2275
7277
2762
7442
5027
9402
4941
6185
3396
9665
4931
277
9638
9408
2537
5608
9311
770
4121
5707
9037
8762
1072
2340
9906
8663
6649
6389
5509
8061
6028
5810
7884
134
6051
922
4082
7574
3790
8330
7118
5778
5080
9699
3098
9698
217
3701
328
4636
4528
8267
6338
7162
6496
7985
6050
9593
5431
9921
1238
2402
6411
5490
1945
1958
4311
8106
6989
2140
8172
2754
2921
9030
2486
4524
5503
6092
6527
581
2362
8980
8083
2167
5031
658
7375
6211
9809
2977
5936
3892
4315
9346
3301
5230
5012
4124
5046
612
3980
4901
6612
7646
6646
3132
9796
7776
9455
7726
3622
5089
7597
3895
615
5004
5026
4880
2598
6075
4938
2740
668
8067
2260
6069
2729
6990
8633
1282
3070
1391
1452
1879
4302
1135
5549
3802
6122
2144
2666
6943
4446
8663
926
9317
9487
5075
3555
7711
3960
6977
2861
7462
8651
105
4386
3142
5696
9941
4476
7222
8745
6940
9386
8403
3969
8126
7003
3505
2959
1903
5666
2671
2835
110
675
7013
5713
7527
9239
34
9509
9352
248
8716
698
133
1146
1913
9895
5607
2750
199
2428
9256
8908
5841
642
9733
5906
3600
7039
620
9936
6741
8015
1350
9906
5838
5978
9074
711
9213
2254
4562
8056
8112
983
2291
9852
588
2358
7650
7318
265
562
885
6551
39
5940
2338
1250
1448
4789
3063
2548
8503
9146
2230
4644
84
1561
5041
4020
7526
8626
3269
330
2907
2426
733
1327
185
3274
7175
5493
8014
6401
4133
1425
3828
1198
5745
5782
2017
6544
1240
9776
6133
9993
8191
3592
6471
3907
9898
3936
2107
4836
1261
7124
8533
2020
3271
1401
2802
2097
5042
2141
9193
7608
9643
9982
7068
4831
1371
684
3870
7112
5216
8761
7912
3595
1645
9019
5693
8550
5595
7783
3613
7454
709
6643
8300
513
5340
7781
3334
3623
6477
6950
7945
9665
2790
1721
7412
4744
1316
2816
4534
5478
5011
937
3331
787
3535
8380
760
4279
7169
6426
9754
4866
4300
271
274
5236
3007
9830
419
8846
2126
1879
5560
8465
7687
6835
3763
4611
6449
2250
1388
660
9066
1427
7142
7420
9270
6300
5624
2747
1253
3622
2662
328
945
2524
9834
7608
304
8059
9067
5330
6165
4234
7463
7563
4652
5656
9518
9979
9581
2823
1725
45
5545
1457
9250
9240
3736
5891
4696
1178
9893
3335
7112
8752
8705
8691
7036
9679
2971
9287
270
6430
9973
7071
5936
6294
2663
2421
381
1056
6800
3745
3308
462
7645
4528
9989
4133
2720
6476
9679
7019
8374
1305
6470
9316
1900
6098
375
1602
1509
5377
3872
2864
1216
6582
8387
8859
5326
3014
1904
9296
9262
7763
3989
8381
2326
1497
2724
5098
2343
2773
8323
2138
2005
3831
7349
2467
1750
5194
9580
8765
4277
1352
2290
5285
5193
9235
8669
9090
5393
6462
5160
4878
3968
9700
9738
4580
1242
2993
9308
7005
1984
1220
9763
6227
9112
4561
6897
9204
91
6457
6391
5807
8690
3754
7341
8959
7263
6391
7806
955
9447
9878
2042
614
4224
4278
4845
8480
2243
7362
9863
887
1034
1721
9745
9474
7965
5569
3114
6869
1050
7030
1517
2856
6793
7627
4636
4
9642
5941
7271
2617
7086
2005
3464
9360
5489
6706
8816
7952
9956
1665
2052
5202
776
7436
3787
3505
7897
6110
5126
7273
4854
2538
6435
1816
9286
1748
2292
9914
3692
8699
8166
8584
2712
2773
9911
6860
4803
8039
5802
6300
6486
9694
6725
6321
5806
4115
8004
4581
5877
1211
2834
4351
9937
4315
2571
7989
2617
262
6138
1138
6177
9153
4578
1634
5803
9484
4060
8919
6154
5963
2561
2263
8421
1426
1894
5528
518
7523
9005
359
4603
7479
7120
1668
1575
8035
9454
3421
2528
2535
6960
7341
5734
3085
1327
6735
6722
1407
5032
9263
6851
7718
3819
9792
1108
4005
7753
1542
5022
8561
261
3407
9193
8840
1400
442
5732
3943
160
9517
2638
4164
8797
203
6910
3203
9508
5532
5601
2550
8636
5513
7538
4421
4583
9042
7158
2797
3976
1442
424
9458
9207
1238
7027
5203
5835
28
9051
5072
1516
319
4446
843
6804
5569
4838
398
3025
2054
3802
857
3842
4226
2823
6736
9474
3578
83
481
2036
1400
3302
2994
4969
9573
6660
2525
7443
2527
609
5120
3202
613
9770
8420
8734
1495
6474
9673
2371
6133
7404
8077
8853
7839
4420
4312
898
9739
7601
7666
3252
9939
6704
7156
3322
5869
6704
6029
8890
2390
392
1770
1607
545
5965
4144
4064
3809
4258
2054
2638
8288
1134
3809
8316
3442
9857
6637
8389
5532
6728
9071
5607
590
2772
8335
8955
6354
7919
2037
5321
5250
5957
4580
4998
3358
4990
1180
4253
7717
5059
1337
7925
6400
6003
9226
1973
3983
3738
5086
8185
4753
3921
6508
7310
6489
5869
2380
4523
7035
8620
7631
8036
9971
8426
7207
7732
562
3390
7765
7924
313
8960
6842
6156
3592
2098
3430
6834
1381
7671
6664
1042
2255
9669
8813
8831
1744
544
939
731
7558
1721
8098
41
9844
7849
9047
7547
7025
2943
9468
8808
4713
9499
8730
6195
8977
6536
6696
7827
3156
1178
6484
1626
9357
2785
4130
6998
4575
6911
6667
3613
8309
8289
801
9109
3713
254
1088
4140
4486
4865
1102
7362
1924
7067
3225
3666
7616
9244
2371
1122
6315
4117
4321
635
6638
2101
7698
794
9907
3957
4639
5936
5226
4952
3010
3540
1663
9517
3370
1809
5242
8282
5580
3322
9623
7481
3885
2043
7596
4723
7867
3553
8770
434
2496
5774
7291
7585
8582
4032
6426
2615
3564
3180
3330
6852
802
5529
8560
8775
24
1058
5451
8349
1841
9004
9002
5472
8718
6285
4435
7939
6544
8175
6832
7836
3314
5942
8443
7277
3240
799
6735
7177
877
5257
1086
4917
8898
6683
2709
6100
6286
6762
2892
9618
900
436
8719
2261
1070
9904
4870
167
8746
185
9016
1089
2950
1052
5154
318
5965
6227
134
821
5980
8515
1937
2774
448
1206
967
2645
792
9323
9531
8069
2849
66
442
591
8055
7347
4009
2227
5830
8278
2622
2082
4139
235
8148
1794
8650
2692
454
2142
4450
1303
1629
2043
3481
1780
5796
8145
5274
3817
4784
9806
695
8353
761
7235
2121
1664
7653
6110
3399
4912
1627
7800
1903
8429
8438
2751
1066
573
6810
1497
5022
1163
9876
2256
2360
7132
4579
4396
2267
5119
813
7780
6917
2030
32
5087
1592
8131
2552
1011
3734
1436
1461
5921
9311
1094
5203
7007
822
7241
4536
1846
1360
3809
9355
5959
2893
4876
4603
7230
7564
9082
4683
5584
2642
8783
4636
3307
5300
3775
5486
1111
1155
7144
6101
7117
1382
2418
1799
982
8366
2794
9177
2518
802
5357
8010
1211
5325
7304
2818
8506
9866
9193
5028
7666
3125
9918
3900
9545
2054
8253
1583
9142
9712
2818
4741
5251
8607
7443
5731
4351
9244
5443
1679
8945
767
452
5497
7574
1850
1373
6003
809
7204
2309
286
8998
7719
7496
5078
2157
6169
9275
5897
6186
5839
3725
5966
1602
720
5127
6776
5715
3597
8444
5102
1220
5457
5268
1532
7819
8535
9472
3952
6985
8272
4678
3790
2688
1090
4305
5216
8798
6790
4694
6421
5521
9098
7942
5555
2791
4028
5158
2035
4598
601
4297
1534
6681
6766
6044
3509
1639
778
9788
436
7558
9777
6598
5105
1460
4214
5503
353
4810
9379
2106
488
7820
5857
1266
3200
9166
8580
4639
5828
4064
9894
8146
6904
8578
3240
6460
6366
3082
8155
8641
7025
6186
9514
3020
9667
733
7106
9787
3989
9093
7292
8316
5743
310
2910
1891
4552
6954
1831
9249
3930
8076
8927
9383
3792
3537
5790
6988
4476
4002
2256
5199
7970
8528
3408
4076
8473
7032
6442
5919
2097
8343
8691
8741
4384
4682
5157
7820
3764
9368
9891
7481
6943
5626
1127
232
2830
1202
8940
6803
2690
1630
5167
4070
5951
3845
3665
7986
2996
8460
8732
6174
2407
4480
9939
110
43
1493
917
8651
2077
6341
1240
444
3575
5479
6442
3511
9541
5207
398
5949
6126
2788
763
3356
7659
9104
7552
8246
8397
4735
9440
841
1487
2327
2424
930
3241
1050
3721
9554
9044
2664
5581
3872
3920
5371
1747
6142
2700
7898
7227
6895
8895
6515
180
6362
8515
6034
6478
9602
2355
6340
9748
3737
9224
2100
1928
2726
5865
5091
4201
461
6155
2713
1653
4584
6723
1069
4220
4082
196
1800
4180
1029
6068
8746
2038
9510
9521
6764
7314
5575
4416
6692
1172
931
9873
4819
9982
8728
9106
8897
7411
4552
2383
8601
8558
7359
7216
7683
1579
7410
5509
5431
9635
8929
1292
3365
7089
4986
9589
4801
1603
9729
4320
6027
1479
2318
848
3057
7802
6051
3961
4386
5401
4681
7096
4126
5401
9790
6969
4006
2301
8319
7916
8129
2002
3545
4611
2909
4443
7948
3688
3544
2570
3752
9154
1295
8696
2307
1787
1455
8978
7187
1532
9980
6849
9734
496
639
6854
9524
3524
9924
9125
9089
7749
560
5735
2581
8213
2021
4994
7860
9869
6219
3878
3372
5909
5147
2875
2832
4810
4828
903
3850
8653
9002
5630
6633
1365
2993
2014
7518
1633
4029
1544
8288
4483
921
3704
6919
7456
8692
4870
9151
4312
3650
2066
1643
5947
9252
855
9987
2758
3718
6315
342
419
8971
5194
7884
4114
5929
7427
7155
4954
8559
171
784
1798
807
2404
5362
421
3742
1607
8240
9069
8
5180
8707
9244
3406
648
7668
1374
7517
460
7077
8348
3079
1342
3054
2437
1062
3204
2635
6585
487
2227
3481
767
530
4607
3706
1834
9813
5829
3819
9159
8653
3684
3755
9748
6362
6926
836
5120
3562
3527
3792
5942
2375
4700
8219
5015
7474
8509
6020
9423
7056
4645
8588
2909
5606
2316
8719
8997
5152
8063
6983
1133
3317
1219
4719
6911
7736
3378
3951
2825
5875
7255
663
3901
697
5889
936
7607
5451
627
2269
5032
4515
5943
1535
1443
186
7438
850
1084
7161
2023
5344
3241
6808
1884
9591
4417
384
643
3688
1088
5794
9328
3120
1598
7176
3656
3725
1645
4946
1931
9616
8134
4664
3205
3315
7000
3810
2803
1766
7644
1550
2548
9646
9232
1062
3996
4565
2477
1948
4883
386
193
3102
1913
9926
8408
8966
98
2349
3817
9615
5338
1062
1568
2266
7232
9091
6282
1419
6376
7086
95
1188
3381
2874
8344
3886
2990
3043
7594
2375
1758
3169
1897
4297
5864
8814
7666
9926
1934
558
7586
9844
6017
661
4961
2754
9732
2658
3350
2893
5087
6092
9376
5889
2527
1100
4354
4560
2326
3659
6803
5956
1966
2723
4187
5341
2139
286
1623
926
2507
5070
2132
459
8400
3804
4376
1557
3523
1218
3713
2028
6819
6669
9855
74
12
2318
6103
1619
4394
8000
3705
7883
764
7323
1297
5714
1139
8868
8721
9565
2922
672
8123
5418
4272
2895
8326
1633
2360
4982
2634
8665
4467
4347
5499
6211
5819
9567
3645
9962
793
6163
2838
5775
5734
1672
9684
7314
3980
3818
1843
6211
6669
3579
7118
2233
7485
5512
267
8369
8389
7754
1612
4629
5633
9388
4432
7920
651
3773
2095
4309
2909
9363
6490
3904
3626
144
8931
1404
6136
9661
6259
2467
4119
779
5759
845
4389
1714
6982
3057
2084
6814
8033
2502
3526
5855
3943
7134
4361
2531
6256
902
5597
606
567
8361
7092
3501
206
1335
1230
2561
4216
4526
516
4891
6240
7536
3413
7027
4838
5779
7132
6822
4420
830
8309
3865
3396
7003
5911
6714
7981
9681
6521
1539
3891
2102
3135
564
6192
245
5518
2560
1956
9465
3075
4760
659
9538
4375
983
6153
5236
9742
4210
5647
582
2791
6478
4786
5092
9165
3063
6453
8863
8152
8717
902
5692
3726
2304
7947
4288
1907
9689
3812
864
156
7549
4160
2638
7252
186
3303
8463
7918
5065
1172
5080
46
5628
3500
1646
9041
2861
2697
7707
3479
7037
105
579
6288
299
5178
7452
2759
4243
7393
3263
4241
4580
679
3401
2572
8057
8206
4207
1743
8371
509
9875
5753
9693
1105
1175
8765
344
8682
3357
3951
9287
5847
7621
7301
6528
5393
138
1403
2874
9608
5797
5641
2384
7256
901
4135
2172
8538
6426
5150
346
5772
4952
4758
5745
9730
9521
343
727
8448
1711
2186
6039
2329
3163
9297
4281
4457
5119
8683
5893
6410
54
6430
4037
5430
7938
7285
1613
3469
3148
1688
3067
8481
9980
5735
527
8847
6577
3065
8533
1856
5474
5983
5633
2627
789
4108
2332
3222
6624
5663
4686
8989
665
2859
6555
1251
5906
7604
7578
7062
5726
3966
8884
5130
8676
6142
4325
6350
2202
1490
9024
8645
3642
3055
2860
1458
5233
7037
4810
3950
4816
9812
7809
8395
6021
992
9587
8568
2017
9633
6202
4955
5815
366
4615
5732
1077
1155
5470
6022
8910
1632
7524
7806
7636
4465
4968
2077
1840
4140
1197
5829
8515
4743
6585
3032
7568
5172
1772
4551
5058
8177
802
8381
3887
5488
7510
1164
3122
5609
5545
7534
2485
2619
7884
1798
6751
6941
1139
2891
2984
7936
2635
2397
6868
7082
9950
5665
9622
2239
5286
4726
6577
6284
7076
3838
1363
8347
6904
8
8819
5551
8418
3368
5034
3184
2335
2493
6545
1900
7264
7741
4334
3176
9097
2450
2207
1846
1178
4331
7729
1588
5638
4377
5895
5059
980
3268
389
4198
7684
4169
50
2562
1183
6057
5685
6590
7753
5281
8913
656
2336
1419
330
1628
5769
407
6994
9304
3328
7751
8548
8372
8906
6698
3233
4641
8689
205
3469
5038
508
8189
3098
3715
29
1437
3932
5248
9873
7973
9769
1899
758
7472
268
8106
9797
6244
1354
4071
6842
2610
997
8288
8017
4791
2868
336
4691
2336
7177
9890
3884
9056
1047
5665
3725
8229
5610
4660
6764
6244
4227
9791
8656
5707
5333
3374
4433
630
4957
5892
3538
7143
1635
6477
6688
8793
674
5900
6614
9053
1101
5038
7109
356
1756
3800
6141
4924
410
2398
6417
4954
140
5141
1958
4660
912
8528
9128
1062
1781
8963
5761
7530
1858
9153
1900
3226
7174
3901
1792
8582
4409
6684
2523
1122
2955
2855
8211
2861
3684
3004
4668
6460
4488
2042
7210
2121
8508
7916
8322
7230
4282
8392
3125
8793
856
6151
646
7125
5432
8111
8294
5391
4128
9081
7861
8506
6064
4249
405
9367
1775
419
7026
2730
2957
4017
38
1466
6634
5321
1112
8726
1789
6510
1190
450
5825
4772
4363
5802
1665
1684
6552
7750
1172
8472
1501
9689
4499
2875
4136
9887
7322
3373
4662
9267
7513
5228
4728
7509
6307
599
2201
1607
5002
1939
7564
3929
432
7798
1965
6673
5304
640
129
4845
9628
3100
9807
1099
3373
1378
9517
7144
3359
4998
4378
7457
5956
1638
2675
362
8309
432
9361
9800
8480
8152
2691
8173
3901
5091
6260
518
5629
1528
6062
2614
7118
7712
103
6924
6643
7938
7482
1098
1122
6002
6117
3316
1843
8812
5897
8102
8945
782
1115
1764
2153
308
7187
5990
3867
8997
8413
1908
5006
870
5334
3207
1348
9955
8650
6485
1758
4970
41
2317
1198
5354
1926
6171
8758
716
1134
237
3433
9027
8068
2431
782
5788
1006
1207
6028
3676
4923
6420
7457
659
9341
1203
319
692
1092
3709
6317
4162
565
9354
4649
7840
9604
5021
9230
6939
2848
9598
2684
3375
8330
787
5159
5701
9305
346
8045
6435
6134
8122
4369
7388
3107
545
7211
9185
9791
9074
3821
32
9260
7842
5273
7520
7820
9203
7385
1483
9804
6509
8214
2824
4472
5636
4482
7638
5962
8340
7152
4147
928
7643
607
2810
9019
3902
7314
174
4698
657
7371
9096
1651
7278
911
6538
6421
9036
4238
3242
2122
8462
8870
1345
2888
8633
6324
1758
2570
8660
5123
6941
1781
2214
1000
7597
4572
6573
934
2531
9239
6254
4079
7196
5471
4182
4714
5717
8836
2070
2877
1604
6852
7496
3972
2229
7943
774
384
6050
8188
5620
1098
4598
2161
6193
2938
9911
5656
3431
1551
1177
941
6670
7836
7092
2010
83
5000
1200
6590
3651
3919
8567
1868
2247
5885
1170
2234
676
4365
5663
7614
7700
911
9710
4825
4571
7351
1823
156
1291
5101
3719
3259
6353
7543
9500
8120
7055
8905
5864
2684
5361
2450
8229
6994
6371
719
1734
5093
128
8723
2562
4504
4425
3799
5017
3530
8277
3671
1294
8673
7294
1328
6513
8331
2924
9905
7497
4716
2021
476
986
2918
3515
1308
966
2664
6419
1357
9370
6156
9941
4784
743
3923
174
5924
4110
3072
333
9515
6589
961
6835
478
4264
9346
1055
4393
4404
5927
4755
3331
9127
8666
6508
2108
4384
7639
1685
7472
2670
9656
716
8717
5264
6327
3453
2232
9546
3091
9010
7394
3185
3569
6782
9274
9117
6865
5340
3579
1934
618
648
2106
4741
9612
42
9668
1694
1778
9220
4113
4731
6339
3026
1929
7730
6256
9993
4874
9852
8073
7042
3676
4174
4685
3201
390
6059
8088
3616
4318
3109
1290
1409
5616
1143
2452
1272
6551
1567
8841
5020
4526
7138
8922
9167
8835
6200
4370
2832
5178
25
7779
5177
186
828
8520
101
5965
9709
1130
9326
5701
8463
6059
8429
9113
6581
9914
1500
9134
9952
7988
1944
995
6552
103
4611
2478
9225
1899
9397
606
4599
62
6078
6005
317
2523
4488
3815
4412
6671
921
3785
6413
1018
634
9276
9132
4025
6017
2976
5002
4795
4802
9395
5572
9412
2476
3712
3080
7396
8794
3839
6427
4813
7959
6009
6250
2319
5499
214
2651
3271
1386
6466
3736
9309
4874
1805
9789
241
1508
9349
3972
7031
1550
4994
3132
8710
4556
846
8917
9073
8037
2331
3732
1884
1301
852
99
7070
674
7118
77
2957
3172
6681
3371
4719
2369
4386
5519
9582
367
5450
2168
7673
635
937
3522
9723
4474
3192
8299
316
8417
4551
7253
9193
9855
9295
1429
3546
2036
1011
4504
9986
9741
9247
6397
6540
8929
702
2291
6210
4319
4089
5282
1957
8491
5475
5173
7481
9548
7840
7909
9729
8810
1602
2621
6306
3134
2862
6647
1700
5240
4938
2920
6121
167
1423
2838
9831
1380
8473
3120
3456
3743
1155
3411
78
4521
5141
3839
5621
8225
6335
5232
8009
5106
4513
9110
5873
3040
9489
5977
2645
7783
3388
7854
8915
9772
4379
8451
2644
8933
674
3748
8409
2127
9656
4909
4584
7450
126
7384
4967
6415
217
8471
6868
3321
6277
1229
3893
8913
5000
2849
8492
1294
7923
2242
3034
8127
5833
4602
7284
1733
3347
9450
4419
7882
3203
8906
4666
9432
607
7651
1731
2549
2168
3426
8018
8755
1219
5179
162
9104
5429
4259
7654
3995
1652
4801
9442
427
4865
4108
472
8077
5697
7259
3591
4154
219
3671
2937
178
9463
4881
1054
2242
3922
3631
2887
9389
2481
3441
5131
7799
5067
8216
9942
215
4006
8110
9675
6641
6036
7385
1533
6336
7073
85
3148
5199
1602
9748
4675
3431
5354
6549
8239
750
2275
9439
849
4569
9484
1192
3326
4074
8781
2873
8423
9566
2942
1235
9860
7518
2803
3032
5119
5616
1964
9419
3117
3302
929
3726
5553
6110
4605
3710
5677
4722
4937
9612
3414
2034
6191
1383
5229
5641
4581
420
1978
9475
6212
3612
2689
7420
2737
8558
1815
8737
1077
7611
2795
9213
5594
7114
6178
3885
5312
9622
3981
874
2817
5168
7372
3422
2834
5938
2187
5580
4191
7039
6536
2547
2331
1843
8534
4748
5726
625
6836
1330
3029
916
4498
1955
958
496
9044
504
36
2637
4539
4190
8885
2179
5783
6018
8572
5228
744
290
6982
8503
8470
1282
8833
461
8148
683
9886
2468
8334
4611
8728
5553
5236
2093
633
6524
2944
9029
3573
3988
7756
8744
9525
4943
5758
9050
8455
7174
9439
5397
7557
7196
461
4786
7446
8817
337
848
6215
6484
4411
9309
3117
3213
4264
3474
437
2130
199
7292
1082
3543
1618
9463
4262
8537
8766
4725
3785
8896
1140
9410
3766
4519
4309
9655
4228
4575
6282
647
3428
1783
2957
4491
3663
6752
8657
3711
9611
1292
5977
4611
5141
6368
3804
7589
4152
6957
8711
1371
6031
9642
5159
4352
4910
6433
5650
8324
2276
8674
7037
1186
6897
4698
540
443
6299
8756
4412
7928
4335
1109
1549
3510
6919
6261
4647
703
4609
5307
7516
6906
6807
7239
1930
2547
7046
8791
8595
5944
2900
8273
4211
5514
160
1845
7819
349
8022
3087
9010
2657
9560
5718
9718
4854
7712
3717
6645
3907
5889
8578
3336
4568
414
4152
4548
9242
165
2792
6795
6126
8973
1016
2837
4141
8322
1574
3715
7290
8747
1939
7198
4672
4930
6749
9444
8348
3263
8004
4068
9555
2898
3540
9204
2644
2979
3548
5552
1955
1099
6844
8016
8741
911
6240
1167
840
5845
1246
3101
6136
522
3235
750
425
1963
3185
7274
1961
7991
165
4992
6171
8640
9066
8127
2502
6517
5814
7276
2355
3069
4963
1954
2530
4864
7815
5550
8651
3075
7796
3319
4064
881
2638
5651
4092
647
830
4169
375
3771
9143
2247
4641
8615
3862
646
6258
2673
7301
5881
4840
8442
7837
6395
6330
1686
5137
6733
4244
5126
9417
2581
3355
1398
8565
1596
6616
3976
8478
3112
3750
3753
1734
4799
2131
2926
9450
2868
4145
4992
8503
5326
6347
6580
1581
8903
1576
1284
933
3669
1408
5609
4012
5560
6556
2288
7224
2601
5244
8571
2274
2517
1411
1240
3647
1712
2107
1476
8802
8377
5939
566
3513
2382
1193
3393
7596
2889
231
7022
7979
955
2842
7523
2650
2058
7548
5882
495
1425
4851
3627
5834
4894
3975
9826
1018
8583
5057
4717
4811
6098
4063
3072
9728
1989
486
1146
3299
5933
3692
3438
1820
6692
8366
9448
411
5194
4565
4544
3973
4592
2733
1392
6617
8854
2103
6847
9528
8878
7213
6623
9159
2167
7133
3661
6399
7715
9784
6410
8039
8077
7406
8923
4196
2620
8008
9282
6489
6914
8893
8569
7857
6033
3658
9781
9169
8805
7765
9071
3010
1744
3107
4193
2361
1802
6801
2396
4700
8138
5469
4235
4388
4660
2382
7424
4748
5935
5369
2709
9799
9238
8439
9737
3658
6669
2919
2651
9029
4021
5648
8492
2497
789
3933
2033
3960
4019
6307
2956
832
6625
4304
553
168
8310
6192
9652
7885
1975
2787
6024
6607
8873
2091
333
2548
3545
6696
4125
8803
7066
4091
6309
3083
8699
1390
7552
7922
4750
4847
2143
2681
4880
7550
6326
8776
8011
790
3989
5342
283
3125
7091
4068
9263
4531
4568
3847
5428
2002
513
8975
9813
2045
5851
7798
2680
3766
5256
8465
3331
2660
1896
3407
9222
3401
3478
9971
9173
4797
1722
2092
6764
3929
6420
3479
9370
3166
2296
5574
2151
7483
3781
7971
1742
9306
9990
9023
5712
622
1279
2305
2214
4300
5982
5516
3402
4094
8769
9717
5848
301
334
7433
9503
5645
8085
2609
4824
3519
4317
8888
528
2830
5122
3846
3593
3243
4903
9465
1724
649
1480
8113
5017
2422
710
8488
3544
7565
9229
2756
771
106
6147
255
410
280
7736
8904
6141
3721
3671
6490
3307
2306
2429
3555
1163
6208
2971
1025
4956
5302
6557
4553
9130
9623
3283
739
1899
4955
4095
9421
9803
3597
4399
353
4230
1500
1102
7947
8418
3402
9519
9606
7856
7864
7134
1575
4223
3563
829
7339
5830
4860
8423
3299
7214
630
8529
6816
5187
4465
5805
1985
1028
1444
6313
6812
6478
7515
1387
5098
1282
2325
9294
1767
3763
2760
4749
7958
8703
2029
2718
6954
9303
2983
7540
9774
2347
6489
3552
6097
7526
1841
1140
4784
5485
7069
6099
9005
9590
6879
3907
9850
3187
6534
2102
1328
5127
6656
2328
9016
3122
5770
8674
8125
5848
977
132
4989
5872
7028
8584
6856
3175
8104
1649
7259
3242
1045
5360
4090
9137
9394
9626
8372
7316
8729
4121
9720
6773
1964
6214
5818
9326
2482
8809
1790
9447
8959
333
6568
8259
3587
7470
8659
2199
2391
6100
6399
6882
5815
1263
4530
6274
6895
3388
8511
4198
3616
4921
1172
9857
4794
6984
1780
4668
9685
3528
4129
7662
9995
3453
5209
8147
7817
1167
4757
6408
4746
6168
5065
2064
3141
8080
923
3808
1844
5609
4114
9265
1281
9410
3848
4789
2821
8622
8079
4064
1441
1850
5127
9560
8003
7874
6006
4083
2551
2383
7097
143
4181
8716
6557
8933
5210
2399
6363
3519
8397
8236
1979
2760
4540
9651
8690
3855
3151
4737
1212
9090
7561
7123
5197
6771
7456
7505
6836
6448
1029
849
7595
3451
3778
383
832
9197
9953
7444
9310
5346
6141
7841
2995
2233
6716
3458
3806
6329
737
6325
1639
4308
4439
4082
374
1121
5443
3056
543
1615
4549
4528
3114
8880
3077
7930
7837
5980
8413
9449
4258
6580
1442
370
4712
6859
2048
6246
6854
9315
7770
7435
7233
1327
8962
7133
4550
6045
8591
2552
1225
603
34
9964
9574
6873
2610
3910
734
3919
2194
9265
891
7878
7894
9755
4819
1270
7314
7243
5541
453
6912
4484
4684
1638
6097
7266
6682
4637
1751
8770
9540
5950
9941
2379
6684
8857
2189
3091
2938
3905
2428
1851
5451
9243
7147
3304
4754
67
6062
7896
3288
9448
117
765
8782
444
6868
8482
1012
8365
2026
4104
4988
2640
584
492
1250
6957
2947
9113
2810
2121
8115
8894
3728
1987
4382
8050
7777
5101
1426
8796
6605
9942
3722
2689
6436
6206
1390
8653
7317
844
9529
680
8785
6754
2857
5286
5358
5814
517
7063
2420
7518
4921
3987
359