4637
2591
5634
597
6730
8648
2593
7229
2021
995
3727
8256
8809
5306
9407
9987
1287
8091
9133
4516
8421
2698
6432
7442
3705
3957
1629
274
2780
7774
1173
3343
7273
2471
5256
8157
3964
3080
477
91
6161
749
3943
2160
8863
5838
7961
1475
849
1670
2265
1068
8439
9955
2624
3644
518
9854
4020
1424
5103
3664
7593
7438
2949
1577
9819
7004
7200
4248
1539
8968
1114
8605
1434
6315
9311
1823
1552
7701
7042
8868
3807
5679
4383
8725
8184
1894
9222
6231
1145
5115
7782
9952
8764
9169
6693
9464
9082
3260
7600
5269
7624
123
2491
7018
5320
6982
9098
5714
7443
975
3635
4315
9730
8663
7828
7558
9515
2610
9268
4346
9600
8960
1575
7917
3458
9357
1768
4921
8411
4147
3972
2352
9014
9357
8157
5325
7931
1438
1567
9384
9820
7690
8027
6189
2257
292
1132
9139
699
7187
7253
8500
5957
1935
8980
2620
1520
5927
5794
8552
2829
9685
493
3732
2588
2667
3462
2615
3563
2897
9202
1467
6508
2595
4550
6712
1574
6191
7631
7830
1493
7660
4425
5916
619
83
9800
3968
3698
8769
7747
4882
9748
6988
1658
940
4282
8744
7306
2494
4565
3139
9641
8523
3745
2472
1625
427
4451
684
5909
6777
239
7360
7
9923
3173
1938
7551
5775
5640
9406
2166
2870
3878
6621
6231
8839
3829
8172
8585
3449
4177
8680
1772
2367
3185
1994
4302
6526
2841
7018
2182
9547
706
4738
5069
9554
1206
3294
9670
1031
9185
5365
5024
6585
5345
193
3665
40
2323
4477
2950
8235
8965
9153
101
3565
607
7436
398
9826
4181
4337
4626
6773
531
8828
669
6191
3571
4300
3075
4191
1460
2066
8946
6357
4528
9015
3669
1443
5429
7698
4243
6907
9179
8409
2215
6515
5850
2216
639
4636
9971
773
3405
4250
6560
7744
2712
3678
8117
7224
8832
1891
6913
4541
2653
2608
4945
9383
4658
3680
8421
5088
5964
6322
2362
1468
6698
6638
4458
8931
5276
4815
2103
902
3881
2237
9558
7721
7474
7425
8181
3247
5607
858
9022
610
5993
935
9491
68
167
2594
9146
8683
7462
5147
7680
7804
6014
1333
6510
7904
1547
7855
4728
9771
604
6917
7065
8460
6924
8760
4780
6448
7241
3284
1199
6592
4497
7766
8832
5229
1511
583
1099
9071
1185
876
767
771
3834
479
5936
1200
6657
3907
5915
4510
8958
6900
4008
3571
7092
3160
3559
2601
1439
6612
5465
566
8072
1402
2295
1102
1566
9328
4149
7348
8520
253
3954
8324
3409
4922
6196
1798
9401
2295
2483
1547
47
9395
3356
5046
5060
1417
1472
3141
2807
1423
1098
9671
1202
3229
6391
4540
9265
5364
8993
7037
3479
7456
122
4765
996
6860
2502
9670
9938
4463
5715
1657
6232
1779
1642
9356
9595
6984
6118
8389
6491
3472
4236
6240
8739
4648
3352
2596
1487
4407
2594
7842
8881
9533
9319
5614
330
3240
7423
6008
3415
5979
9682
8604
6926
2172
9444
6777
1403
2780
6130
4771
8703
9202
3878
5349
856
3353
896
2738
362
6109
6096
5095
8023
9559
1676
2210
657
2627
7288
8895
8364
8817
8971
6537
2883
103
3613
7412
8955
1316
3130
3694
4241
8049
617
3491
2704
1625
1448
8297
2412
8589
3076
2232
844
2984
5137
5299
7407
1246
6801
2155
9641
2287
980
9309
2494
4259
8668
4829
5827
7740
7562
2349
3955
6128
5834
3978
6874
4265
900
5357
2425
2615
9559
1215
5020
2941
4858
923
4760
9968
2102
8262
9572
3387
4444
1284
60
8137
6537
6345
391
5182
3743
1570
1130
9531
5150
8008
9654
7431
4685
3627
4011
4432
9437
2734
2278
8567
40
4715
4719
3747
7472
3269
8293
2166
8500
1255
5745
2336
9967
3550
6991
216
2256
7704
1868
3145
3481
2702
9933
5587
3140
2209
6769
1134
7436
5743
8463
1876
1762
4780
9795
5119
7489
8422
2117
4483
7463
2115
1891
4467
2050
7773
4392
554
2375
4557
4825
1373
3731
6841
9784
6994
1979
1664
1710
7420
9683
4902
5530
3153
4427
382
7819
5128
5848
9123
8845
6587
6190
364
3593
4413
5821
9646
194
5244
4118
904
5582
3394
2542
8301
4561
2645
2820
6181
1961
4168
6724
611
1859
5723
451
1207
8248
2145
2515
7111
4308
2749
7367
1185
1298
3016
3823
5410
7991
2808
3029
4136
7670
6939
3836
276
6140
625
383
9389
3887
8094
4282
7243
3702
2663
8597
5160
7141
100
3178
3897
5956
5783
2381
1637
8585
8737
8279
3548
9805
9666
5477
9384
3757
8038
2349
4547
252
4888
1752
116
6690
8125
8038
7654
8308
7519
9696
4896
3758
9836
282
4952
9226
6376
5339
4511
9969
6720
1787
2490
5882
5690
1427
4495
1700
5750
3018
5095
6733
4995
2425
2273
1018
9928
1361
2601
3690
6321
7204
8906
6366
7597
7053
5192
2865
3437
1897
4174
5117
9905
421
4156
4625
6619
1149
1598
4772
3229
2001
8636
7091
2432
3920
4272
173
1683
2776
8731
4296
5340
3675
9061
7969
2624
8587
1959
3252
8072
5507
9841
9745
4782
8806
8165
730
8529
3750
711
9299
7454
5413
2580
9573
9696
7267
3721
2806
8452
7148
1931
5736
9459
4705
4507
9992
2998
7730
6969
9977
3148
5236
3847
3599
3190
1108
627
2140
6215
8197
1394
6554
1421
4433
9871
1544
1728
3410
1960
7514
6726
5853
2272
4361
4536
8703
6875
4702
1067
8274
185
5028
2511
3920
3004
3780
8796
7120
5517
5375
8356
4910
3665
4946
1052
2767
8291
7276
6462
1998
8234
5870
464
1802
9599
1881
6149
7356
1863
3410
3927
9104
9799
143
137
9345
2756
4778
3408
9945
1423
8298
6397
8068
8266
8328
8666
6392
8098
8373
246
3291
1607
1421
8367
8714
9451
831
6739
5519
4406
9297
7656
8462
5610
6990
4580
3993
1361
7066
616
8147
9841
4485
1529
4574
4744
2144
3142
5532
9337
9022
4009
9376
5584
2624
5422
4557
5427
757
1101
5488
2634
240
5834
1136
9795
9726
3536
6431
6120
9264
3653
810
6550
9321
374
451
4397
2093
6473
9200
9677
216
3671
2948
6793
237
201
3425
4049
4991
5928
5646
1225
3399
7645
4083
4574
2284
1412
2020
5831
6162
1750
1423
5427
3994
3443
6508
1866
8478
4558
7646
5266
2957
893
5854
2241
6501
4239
217
5542
3405
3517
2720
5230
958
1114
6523
2853
5482
3720
6813
2807
1150
2597
2895
4102
3550
2800
116
232
2695
4211
6977
5626
6749
3816
5309
8044
107
4939
3898
1793
6333
6883
2230
1552
7447
5006
807
2081
7643
7509
8347
1945
6691
97
1603
3368
7380
5590
8890
199
5377
6535
7453
5408
2044
7632
7939
4875
3546
7768
7295
293
6496
9592
9767
2410
9786
5890
7468
9157
6616
8219
5112
8919
1653
2580
8869
4198
2171
1330
6995
7826
6984
1410
1508
3557
415
6191
8878
6143
8964
4174
1692
5644
2018
4571
4423
3369
1908
9855
5423
5311
1823
1354
5551
9548
1174
4514
1603
6365
784
6775
4940
4620
466
5440
8913
3661
2217
907
5713
6336
3847
4399
5955
615
9489
3822
3974
4121
8017
6328
9615
5237
6978
6621
1373
3159
9382
130
8921
6682
6365
6751
3735
8141
4197
5577
1660
2182
1203
9434
700
5807
2235
912
2852
5680
1328
288
552
163
4105
4905
8433
5481
9648
1190
1024
9344
7410
5007
4927
4828
5679
5156
5432
447
5650
9984
5035
1262
1826
5678
9772
830
7701
1356
4458
6165
4915
1052
5947
8829
478
8032
9920
5380
838
9486
5909
3256
3573
7953
5031
463
2175
5880
1098
8675
8121
7635
5474
9739
1715
224
7158
9173
3833
5299
1045
794
4529
9485
2834
5500
4773
407
3502
2442
3265
934
502
2902
7710
8355
9066
7132
613
2283
6215
2312
7230
9196
7090
4547
1829
5810
3228
8371
723
9432
155
6991
39
1242
830
4490
6305
2014
8926
8244
6646
8818
5176
7210
9057
1901
4612
1297
9206
3929
2530
38
8736
3213
7858
6270
8592
2799
2254
9041
3136
6411
6427
5369
6794
9558
4895
1099
3881
2123
217
725
213
5957
6616
2375
5493
2676
9720
702
5600
1256
8833
7301
7331
840
7981
3140
8952
2564
8900
4095
7170
6969
5208
4405
3323
2475
2100
6176
1705
5100
3778
1067
9965
180
6751
5603
3595
6283
899
1424
2694
5902
8181
1041
8799
1985
7442
5647
8190
5747
9854
1206
6935
8264
4134
6904
2242
611
140
4830
2529
8270
9911
7349
1925
9106
2652
705
829
930
618
740
4239
1939
1445
9294
602
2063
5476
142
7713
8630
5776
1145
6325
5488
2724
2703
4262
3536
4393
4347
5924
6400
642
3171
6026
1980
5345
1061
6305
579
3750
6602
1205
304
3492
4802
476
188
3362
6207
4389
5254
7746
9420
4790
5847
1952
5096
5943
6026
5850
1333
6804
8458
5684
7946
9472
5833
9138
3818
5973
2878
4587
6148
7537
8538
8487
2898
3861
6792
6991
8583
6289
69
4517
4187
8841
1517
6890
9284
8245
9253
3768
2531
7237
2062
5314
9903
9718
6282
205
3952
7822
5195
5153
7458
6431
5184
193
3184
6676
7740
1299
296
6094
2520
9669
567
6114
6646
6044
7556
3185
6536
9776
8415
5572
2421
8907
7236
8611
3703
8616
5697
8256
816
5289
7205
5020
8564
822
469
4736
5750
8475
6431
9848
5508
1579
1299
3042
7705
7648
7036
108
2631
995
4434
2366
6968
9235
9422
8220
7467
2734
8438
6353
9427
2620
2063
4875
1566
6736
1353
4022
247
1666
3285
4965
5840
7581
5853
1496
6197
3573
8727
8557
36
5442
1760
3969
5477
5249
2360
2763
2427
9672
2150
3070
6734
9433
7864
8705
2723
6357
20
8501
4405
3565
2756
6795
9286
3102
5640
9374
8106
2633
8193
8329
7440
5823
7327
5023
9899
4790
3799
4045
42
4735
188
7452
7911
7299
3788
6853
2547
2996
1209
1557
2673
6373
7590
4327
41
5273
6337
6655
1813
2290
8759
8512
6287
9423
7578
8044
4525
4292
9315
9804
8074
8601
7262
7467
1680
3560
5206
4096
8889
1185
4382
4915
1733
9631
1850
5786
303
2089
1901
269
2612
8884
2881
3256
4235
5524
2909
2892
3849
5325
4105
4655
6218
736
4527
6020
1505
961
7714
8333
5552
1418
1906
8964
3816
7822
2995
4128
1805
8919
2569
1911
1229
2959
7428
4884
425
4675
3716
4010
6738
7683
674
2460
1644
2633
5896
4153
2046
4436
710
5428
37
6013
8410
8432
9189
1810
6364
8544
252
9676
4745
5875
2354
7602
6068
1401
3871
4199
3224
4432
9489
9155
3131
7306
523
8432
3684
2384
6679
3115
9292
8495
2310
1823
1196
271
1915
504
9960
2867
6057
2785
8051
6418
2596
867
9852
8474
676
182
112
4482
2157
904
2902
2313
7613
4336
1573
5989
668
3588
6068
6242
6702
6081
4719
8666
1330
5633
1437
4877
4161
4194
6200
6117
1026
3958
4142
2795
8911
4749
7341
446
7286
474
6479
4956
5830
1986
171
3821
7289
523
3531
4360
2180
6206
9795
9143
7596
7817
485
26
5588
6142
7077
1176
4793
5481
6059
975
2753
4929
1572
9009
9459
8004
8721
4470
5762
4818
8554
6071
6707
5574
7326
8888
624
2409
4570
8709
2371
3149
1608
7806
1519
5087
2266
7571
9832
8551
294
6056
4003
8567
1654
9853
9510
8480
7671
929
142
7618
3828
2126
5801
6485
1222
1539
1284
3493
8864
8451
2912
2031
5395
9283
8902
147
9837
6109
339
7097
5798
1028
3734
2807
5778
6206
7143
8262
3518
6201
2663
8726
8986
2496
480
9655
7581
8579
5612
3713
2668
2382
8456
339
6456
7180
336
7999
2200
7180
7548
6125
6069
2365
4156
1362
4081
3832
5166
8276
6253
8477
4584
6816
1420
1931
8314
4184
1967
8077
820
5482
5850
3106
2453
1880
2596
215
1595
8186
9864
3677
6649
1000
8595
8743
4328
8423
2460
4965
2655
6810
5288
8145
2829
4964
258
2821
1656
9250
6632
9686
7689
6583
6468
1288
949
1834
8924
3382
6570
5589
2570
4992
2072
7073
817
7071
5010
2154
7561
8402
994
990
6346
728
9853
9236
5973
7840
652
7704
8632
6385
4985
8151
499
9926
2463
7377
8737
3390
5730
9825
1422
1615
929
7941
6793
774
2712
3624
4223
4537
2720
1165
3875
2315
3414
2469
5190
2327
5836
1590
7127
8664
8054
6028
4707
7123
868
3691
6893
7462
2707
7864
2073
9667
7742
4316
1677
8395
7795
3702
5483
3074
8841
5101
5124
4713
7760
9723
6421
6617
4271
8642
9015
743
1933
1444
1253
5036
6970
6822
6131
7211
2491
7232
9993
6822
8629
7374
8819
1159
3203
3578
2867
9376
7907
9809
9201
9505
6261
3578
4816
516
1379
919
4613
7708
258
4946
4923
1460
1663
5962
2451
1515
5437
1813
4797
8743
1035
359
46
863
4213
5811
4920
610
3572
8286
7433
3714
1934
5075
5058
8197
3867
1918
2135
9561
9002
7843
7752
4569
4077
2824
505
7406
8949
4423
8012
6141
4890
8636
9049
2726
2274
9755
8941
2632
9670
4001
4497
3262
5564
3656
3210
1046
6471
4305
7546
6836
6575
9840
7713
3724
2551
243
1172
9196
2295
60
4053
8559
1366
896
6292
3065
9827
5985
3145
5856
9193
2676
7506
2738
7207
4494
9995
3292
8096
1700
4263
3112
986
5614
396
3207
3736
6904
4184
4286
6696
6327
5482
2599
9492
4741
5957
3822
9809
1841
651
8936
4993
8363
9503
4618
5758
9130
1537
791
4123
363
7144
694
1959
8369
7144
9296
4574
2018
821
3030
5973
1287
3041
1040
4694
9629
3136
2781
9452
5154
3467
9571
9542
7543
2358
6508
8393
3065
3817
4107
8993
8397
3362
6696
1916
3775
3660
5007
4391
4433
9581
6680
2761
6078
4150
9191
7277
6856
8216
7067
5493
6432
5769
9325
7334
5237
4801
1698
6417
7009
2290
8369
1577
1770
9385
8084
3738
2831
7577
6339
3087
3327
7895
8829
2681
788
7039
958
2020
2080
1372
4350
4737
6823
3298
2041
9239
1627
4592
9123
5064
8916
3055
1124
1014
4461
2944
9528
3752
9929
1537
1603
6145
5149
1506
7726
3562
7407
8232
5768
6450
7658
9204
8087
5997
9429
1500
5376
4893
3650
8607
160
1513
6777
4268
6652
9573
2260
4662
9802
2050
2512
9466
3892
2937
6113
7704
9330
1765
4748
1219
7328
5138
7640
1189
1358
1806
8712
6634
4870
8026
9804
8433
1105
6859
1423
5631
6950
4658
44
8029
381
2544
4358
7595
7277
8947
4861
8950
9349
4831
3081
6949
6197
4980
471
7620
504
2012
7153
432
2962
1229
7371
4955
4403
5033
2264
2920
9911
8028
1827
3996
8302
1820
8272
6423
5600
1512
7543
2848
538
8541
1643
7355
2304
6263
186
6204
4130
4724
4015
5148
1665
400
5026
5813
7733
8160
8914
8179
8335
7
1805
6691
2310
9259
469
6148
9163
2683
7063
8047
8577
7810
6036
3491
5247
9575
9041
7391
3963
7005
2328
6973
8814
913
3528
9505
6703
4264
9967
6538
5393
6502
8820
4592
9621
3259
5181
9198
3399
3916
2931
704
3539
3733
4403
1018
8926
382
5399
7206
1573
5196
7014
9726
1687
7089
2456
2749
1872
9009
6483
550
6519
5997
7647
9532
4010
3698
1826
8968
1320
731
70
6472
212
1314
3542
6813
1588
8743
2973
9957
7164
9419
1307
2222
8613
1969
5491
4180
4019
2470
1650
1951
2698
4752
7088
4379
2414
5717
6530
4870
8845
7872
6775
8472
7915
5917
5264
6377
214
7367
2104
3774
2685
2906
3092
6184
175
9993
5443
9824
4674
153
7363
5328
4771
9333
8117
3572
7594
8014
2041
654
3817
92
3096
6222
9431
1324
8091
7003
7344
6018
212
6154
648
7796
6980
1616
2659
4091
3571
2445
9522
7347
1944
6280
2356
3436
1706
3251
4611
6545
9440
7293
8884
2332
1339
6913
5665
6682
748
1680
1995
6550
6985
5323
6360
9376
9363
5354
5604
1355
8206
565
2422
1909
7592
6102
8306
3309
2530
2274
5495
6794
6142
8239
7387
9362
3631
3121
3640
9923
180
7144
5886
8914
3178
3647
2674
2838
1925
3229
3106
1152
2942
528
5345
9430
5945
2146
1578
282
2053
9030
8774
6775
5080
4426
511
6775
4761
576
5577
4365
8289
9273
6089
627
4665
3969
1193
2600
1861
1076
6826
2981
8008
5256
3760
991
6463
22
5701
4528
5624
1944
6028
3751
294
5392
2468
2340
4858
407
7214
2957
1902
5799
6708
5401
1350
5270
3860
8878
5247
5603
3627
4500
271
900
9350
8318
3944
2276
2957
2584
7953
9774
9295
2174
3036
4847
7364
5661
9671
7257
8643
838
5448
9148
7035
3747
7990
4038
8084
1083
8544
4182
823
6190
5252
6297
9880
7160
9573
5994
1026
6357
1955
7222
4377
5319
8950
4578
685
8797
2975
1311
1835
2791
6578
1576
850
5409
7393
1066
937
3370
7812
8348
3994
4235
6087
7255
4959
6755
8515
5681
2524
4603
7426
5169
6352
6061
9231
5122
7067
8213
1843
6378
8403
2707
8927
3095
7345
3242
4155
4195
4934
6704
4882
6378
8801
9917
2100
763
8008
7374
4257
6830
9513
8632
91
4997
5807
1957
945
6674
5631
1706
8802
7144
7347
6790
8251
5639
3439
6992
4718
5947
8865
6916
3368
2466
5810
2574
4635
1332
27
799
3370
818
9384
899
9453
9292
4004
3702
8597
5206
2534
6497
9184
4887
763
4368
3254
8513
3403
5756
5151
9392
8834
168
6451
675
3994
3620
138
2250
6639
7796
5164
9174
2840
1973
5170
8121
9406
5986
4266
4222
5696
8725
8113
7463
5749
4753
2326
2265
7902
6644
1072
9137
3982
9386
540
4329
1170
527
7320
2467
9107
9291
8890
1714
9176
6533
2658
4181
8849
8183
7363
9200
4723
2862
9235
7127
3843
9655
8581
4640
1196
6387
5356
1489
9299
9305
3762
2393
1012
1671
653
1638
2487
128
5575
4857
5234
2380
811
8013
9858
3082
456
6069
2890
4281
5380
8944
345
2027
9598
3632
4092
1676
9738
4039
5679
3404
627
3364
3961
3970
9472
656
3228
319
8111
6423
9536
3857
2420
6229
268
7848
3894
974
9289
9564
199
5382
4689
1077
6357
1027
341
6369
8763
2438
5970
4991
505
7163
5759
9889
68
4856
8133
2723
4273
5667
2055
8883
9950
1722
1031
659
5259
3492
5551
9362
5514
8898
7479
1807
3876
9546
2108
923
1202
1649
4129
1663
7672
317
7141
6767
9864
7135
6687
209
9077
6186
9719
1403
5855
8350
7730
4064
1273
5582
124
2222
5983
2934
7404
1982
378
4667
3160
1796
6344
4278
3982
553
4119
9516
3094
316
1059
9603
8173
3314
3121
2887
8334
8110
1197
4360
1701
7094
5396
9656
8203
4643
6776
8226
2924
3158
9673
2595
586
8389
6766
5237
9601
2619
88
4487
9076
6144
3242
2117
4549
1989
6460
7829
3291
2128
795
4941
4050
4059
82
4619
3262
4872
3997
6234
6180
4303
3810
6846
9747
2537
9108
7234
6108
5979
9451
4196
5186
8624
4000
4441
8750
8003
4959
9632
9674
6587
2762
7126
6497
2321
96
4506
9080
1655
3302
3405
4045
3520
3672
2036
644
8494
3991
6794
7712
6585
3723
5856
3649
4313
4693
8860
1947
989
9154
944
7539
5099
8011
7600
2899
7622
9436
7528
8652
1239
6048
952
6154
9913
5785
1087
3466
530
9647
9116
9959
207
8512
2592
245
4008
6603
8453
5383
3441
7629
6383
8537
2087
3906
3451
6317
4633
1053
3419
2868
6119
4272
6165
2880
583
1445
4177
2122
1592
8909
539
3024
2522
5963
6712
7246
8103
2264
4891
6771
1536
5949
8256
3448
1443
3596
4237
2568
1420
3235
9028
8018
9939
3050
1640
3987
7471
6932
1294
7487
738
4055
8397
1251
3434
3679
7812
360
8633
6685
1133
893
8242
607
3983
9394
1934
9673
3876
9716
6982
6901
2177
5045
4195
2133
480
1788
198
1537
1628
5248
8408
6213
9239
9803
3049
4071
7204
4555
6494
4698
8412
9420
6535
1100
4323
6487
9392
1003
9284
8509
9800
5965
6238
4856
8754
6237
1693
3869
3126
5799
8418
8066
4151
2925
5477
7493
12
351
2087
9096
8192
1448
7960
8676
3367
7011
4202
1680
4280
1614
3154
2441
5491
9151
950
6446
431
6370
9605
6425
7354
2029
9012
4402
834
7461
5516
1335
6959
7621
5086
4311
6601
3870
971
7369
1608
6239
8595
5183
7646
9830
2596
600
5132
885
3020
3819
252
5783
6378
4331
9176
2770
6662
6079
7259
7208
7786
970
4552
588
4548
6470
5281
243
3600
8349
7691
2298
719
3004
5877
1767
2459
5771
6073
3921
5393
3251
8323
1360
5442
995
4924
7180
6802
8164
2398
24
8460
930
1460
8983
6406
9486
1814
9145
9772
533
4862
1740
7124
7411
5176
2931
8579
5632
2909
7148
6076
1019
8633
8247
9904
2752
8474
5324
1035
2649
8286
1609
7866
7720
2925
3462
1780
8341
4614
630
5207
4551
76
8573
2165
7442
3152
5811
4809
1391
1388
4009
1165
8525
6076
1899
1579
8049
6820
5769
3590
4827
5867
4959
767
8258
9072
1942
5843
518
526
1840
6711
6663
9228
5606
3949
8434
2456
3554
8082
2287
3993
556
660
496
4343
6540
2309
9297
7226
2886
9165
7573
1039
4275
4217
1396
5260
8439
3706
1447
5694
9362
4657
8391
5356
2329
9257
6666
3362
1664
3727
9759
3582
5466
2383
3958
3453
8994
4259
2455
1118
8640
836
7162
9002
6250
5801
1763
8300
7621
9555
4147
7271
3679
4422
4061
8922
6705
9901
7695
4287
9919
1817
2588
6599
5088
7794
8170
7054
5909
1748
3819
1853
4784
8151
8865
5513
6628
6432
744
593
2665
3878
1336
3144
4435
4633
600
5342
1759
1251
5097
1216
6551
1013
5057
8553
4441
8925
7063
5272
5812
1847
8675
2586
6984
290
2427
2554
890
6495
101
4296
3373
4308
7256
6403
6375
5510
161
9664
5081
3157
6263
6974
5945
8799
5883
2224
855
7342
4319
6409
5602
904
3311
384
9248
8094
7141
8051
6616
9336
3669
8611
4038
723
1780
6155
7465
2458
8473
4952
1875
4096
3521
3721
1774
6470
6351
7244
4195
7291
8316
365
4934
7683
2787
6317
907
9301
2897
1979
1774
3218
1887
76
1106
7979
8125
6349
1950
4728
6773
5888
8571
303
1344
1984
216
123
1185
7726
6978
9185
3864
235
805
979
3417
2622
9490
874
6136
2908
2418
3612
4746
3047
9561
8824
8170
3123
4022
6606
7385
1722
1252
4338
8795
2583
496
5330
615
7770
8611
3561
2974
4500
6325
3005
9820
9242
1099
7788
7718
3044
719
291
1197
3244
2195
7440
5969
5
5261
4647
2728
6827
8248
8313
5136
2943
8722
6858
4084
5467
9358
1379
2841
5710
8553
84
340
5794
1605
4167
428
2548
6506
3168
6546
6159
1068
5640
2928
6866
2736
863
2489
1713
7477
1621
2350
3953
2809
182
9310
5355
7520
4739
5144
2165
920
4822
6608
5675
3369
7790
5778
2298
158
3999
1102
5726
26
3636
9544
4452
7927
9008
161
2322
8557
8
1627
5880
1705
1958
7807
2788
1760
3282
7
7150
1006
887
5685
4643
6615
9380
5535
7194
224
4708
49
7556
9515
6100
4366
8192
6465
1890
2150
9840
2458
9185
692
36
5527
4396
416
2226
4700
81
7220
3635
1046
4776
987
3501
4743
3271
3934
3482
7410
5887
3571
5572
6959
6025
1256
2256
8255
7552
3568
3585
4580
6253
1322
9259
3483
4419
8605
8090
290
4134
4094
6031
6861
665
2203
5394
7439
7207
1645
5761
7994
6946
4253
2751
5039
6940
7352
4417
1772
9470
1663
5404
3371
8966
3599
310
2479
4129
6948
2161
1186
7811
1149
3606
4244
4549
4981
1204
9969
3388
4413
7547
1882
592
3016
7574
4851
9545
3890
3456
196
1489
7154
2692
3580
5068
6234
8891
92
3022
1067
9530
5870
880
7968
6125
6968
1729
6232
379
3088
4013
7964
5521
8852
7365
3843
5699
8268
2783
9210
5932
5975
7813
2389
7138
1178
3870
4744
8442
2528
2416
5447
7140
6489
33
3595
9371
6116
3565
2404
6388
1179
4183
377
1018
7177
3153
1279
4779
1246
4167
6372
7785
9318
9327
939
8829
6652
9860
4
4066
9390
5657
1583
1006
7692
145
9318
3773
2014
3977
643
6809
2427
8453
4615
3410
8421
2252
7190
3937
7935
9740
1936
937
1147
4063
3642
1121
1130
8348
2470
7516
1031
9603
8039
5593
1825
8970
9656
1787
3749
3556
6787
4784
1607
4912
383
9875
454
8321
4670
6339
1806
7073
1799
5036
3714
2859
6898
9699
1357
9091
5573
304
4539
1369
1047
4109
4820
1643
7798
1817
5431
1265
4424
751
2680
985
5995
9313
7270
4098
220
4675
9654
1694
2525
4656
9267
4632
4859
8899
9746
3595
9173
9088
3883
3343
6763
5134
1651
515
6867
8441
419
3321
3719
829
2312
938
7481
801
1100
2298
7240
8935
91
162
4031
7631
6305
1101
1298
6246
8204
9202
9263
7245
4942
9251
1858
333
5221
2780
6653
8647
4806
6860
7549
9999
1470
7429
9789
428
3952
7257
7808
8690
1360
8286
3925
3825
300
8694
5055
6547
4304
8151
9553
2596
5091
732
5468
3521
2344
9032
5419
1270
5234
210
140
3396
4993
6114
4544
9914
393
329
3965
4499
8939
3893
6077
403
6643
6214
9758
6744
223
7432
9727
1510
5735
9718
207
2269
4162
6159
7617
6130
1260
542
5315
9610
3586
7498
62
6275
3972
1969
4181
5894
2850
1947
7401
4161
4203
5983
2322
4392
8603
3432
6653
343
8270
5823
3270
8549
8302
7959
7462
5204
3899
5736
8021
821
9395
9708
3347
6234
9028
725
6754
7007
5387
3179
4827
789
6333
6254
2859
8892
8885
2153
389
6303
161
387
9318
2060
5946
3724
6744
7468
6248
53
8220
1421
9255
3037
4363
7371
9549
1566
4557
1270
3829
2777
3219
4758
2025
2337
1122
3966
8146
8553
5395
4628
5705
3054
3173
1555
4241
4186
5324
7796
9848
6879
5180
7524
3200
2169
7117
6662
2718
7125
984
5792
281
8108
1550
215
8314
6282
624
2629
4536
7797
9236
5123
6166
9130
1911
5550
4145
6638
5644
2188
7059
9119
8129
9171
1778
4988
8534
3720
1326
4701
1344
3960
8335
295
8677
4067
5874
6506
1551
1732
5502
8
2792
5095
7922
6148
3899
9408
8473
881
3915
6420
2834
8789
1548
9263
2787
9067
967
6844
2183
9881
3057
9748
7858
7753
8137
3256
1468
5507
4124
423
1900
2200
9754
134
5213
3431
6204
9537
6078
5124
1300
8538
1608
3458
9478
7141
9794
6973
5301
2890
4028
694
5976
544
2169
5414
5414
1007
9941
4703
8967
5413
1923
1985
569
2102
3217
3511
1783
3272
9127
9574
2875
3750
7210
1397
6471
2885
2883
199
5108
6065
5443
6054
7294
2477
5729
4006
8034
2264
6759
732
1125
8457
850
5949
3050
1924
6959
9487
598
4484
6446
5273
8764
7956
2170
2881
3462
7047
9014
361
4656
1013
642
158
8214
3333
3021
2715
9977
6045
1824
6508
7096
3555
3650
6999
7576
7369
4125
5009
105
7949
5447
7878
505
712
4389
1536
8557
4536
3599
3924
3627
6371
8862
348
8887
6712
5505
1742
6405
3318
3381
7402
1253
1536
4069
7876
6184
7019
8335
7164
1436
1179
3953
4418
7786
836
8386
8378
9327
8198
8408
3993
6827
7978
2045
7650
5800
9452
1783
9102
7089
2515
6940
8848
9242
6406
5182
5612
5788
7035
98
6062
7836
4718
3134
9285
5313
3863
4608
2322
7548
9311
1983
9757
3095
9939
4457
7498
6857
4187
680
6736
4679
1405
8058
5951
1921
8594
7659
7115
7049
9827
6397
8841
4052
5381
196
9744
9907
9242
1986
7998
958
5626
7515
2512
9977
3787
8756
1413
424
4273
7955
7516
892
9684
8822
7101
3738
660
1137
8959
7858
7005
4617
8263
3831
4526
1665
184
8841
2009
99
789
6349
7056
2114
5819
7501
372
9262
8368
37
1283
1491
5308
6632
2276
6138
6820
9690
8566
5023
4839
6689
2869
8778
1451
9715
3748
5803
95
8962
7276
4547
7118
4222
7588
8446
6119
1046
2566
7178
3585
4431
1794
3165
3451
9607
2137
9784
76
5445
9695
9866
3162
8574
5016
6342
308
5743
6266
1206
4400
3771
8800
416
9859
1435
6118
7211
2553
6881
884
5072
2523
2976
5661
9062
772
9265
992
4320
3356
2430
6006
4936
3339
6919
2315
1487
6408
6093
7814
5422
4411
6015
5511
2902
7371
4634
9862
2882
1889
1178
5515
6787
4263
3377
9149
3239
3771
4899
1686
7057
3560
5377
2984
211
8584
9860
6989
968
6620
3525
4276
8095
4113
1929
731
9528
7728
9787
5428
9028
31
9551
8448
7725
1306
5786
9542
1234
6380
4959
1619
7988
2736
1534
6642
2625
5658
9061
9363
4604
1687
2472
2686
8578
7153
2567
3297
588
6326
4659
6470
7384
529
4359
5858
281
565
7441
1540
4272
1386
6631
1360
4339
4064
8764
8811
5298
9524
4690
6651
4329
2999
4571
6277
1681
8364
4510
3627
1925
5492
4012
8117
6959
4967
2544
1759
4848
5641
994
7244
8397
7650
1482
9704
427
6957
7293
1551
7849
8277
4143
2577
9573
5892
6540
9669
8224
5660
7269
301
1799
5326
8074
6866
1257
4818
3446
868
4173
8552
8299
2433
5515
8613
2142
7042
1151
5823
5907
990
7380
3958
4472
8386
4153
9122
1194
1226
4855
4372
8
2397
8504
5713
2306
3861
7303
8585
3780
7264
363
5427
8830
8920
4084
5439
1457
3427
4419
9468
8899
7429
1946
5073
2115
1334
1996
4439
5958
9838
1487
5790
9271
7313
6515
1895
1387
8164
3778
3373
3280
5123
8917
7494
6527
4053
7870
3730
8300
6421
5097
9698
8850
3145
4876
1765
8990
2982
4548
4675
275
1302
6625
803
6703
628
3179
3359
3282
6391
9195
7516
6318
7219
7247
4436
345
8658
2497
7354
5006
7485
3610
3238
1148
4498
4888
5376
4410
3868
2739
1395
2718
6693
4416
9659
1589
1573
9333
8831
9577
2535
8768
5142
9268
7424
2214
2403
5415
7400
778
9757
959
658
1236
4839
8741
8366
1878
9603
6115
3702
8007
869
7601
6902
5173
5289
938
4482
9470
5596
2581
277
7609
4865
3706
9343
5120
9073
6579
5241
7833
3250
4403
9176
2870
7283
6952
2765
4297
7692
1270
4598
7864
6847
8986
5644
7924
6111
717
1734
2602
4326
8379
6175
2135
8531
2345
3161
4131
1520
8638
3978
7633
1103
6412
3219
4763
2358
2179
5225
8103
7475
9990
7404
5793
8735
787
1895
5923
5894
4210
2996
2834
9269
7017
1093
2685
8686
66
6218
3694
160
3482
976
3793
6366
9384
8997
1976
4111
3523
12
1397
313
5747
9319
9114
1775
6695
7592
7033
2494
3482
9961
3906
8115
8826
938
1952
7412
4135
4699
6902
1014
4033
2472
9384
8698
7081
2863
2131
4916
9055
4256
4494
380
5406
1346
1738
3873
1702
2228
1565
9819
8193
6181
4727
6425
4706
8719
5424
9222
8503
1370
9923
1976
8574
1417
9073
7807
4108
9138
6209
9212
2721
4683
5603
3755
794
3117
5571
9487
7290
8153
9996
5911
9226
4733
7256
5372
7554
3600
1638
8624
955
3459
1085
3922
9879
3755
358
4046
5530
2039
5551
4298
3930
4275
2340
7890
8747
6172
4554
9688
7066
6213
3156
6492
9068
5727
2229
3246
6449
9684
3297
5084
4341
7625
1623
4979
1320
6722
4724
5787
4090
1941
4246
5425
829
4651
7112
4155
5377
7706
6327
5725
966
9562
1480
5737
5047
2366
5696
1555
7560
4293
9337
5849
8912
4408
8387
4172
1183
8104
6115
5461
1966
9676
4195
6198
3377
5258
5079
9731
5978
4726
9561
1460
5340
6674
623
12
2529
6291
5443
6385
9915
8568
1639
3772
5318
381
7709
2039
1295
1906
4687
4624
6741
2885
6254
8094
6868
2671
5792
2447
1370
461
7885
3670
200
9521
2774
6409
6774
9518
3448
539
9726
7989
4768
6043
9971
9778
1791
8260
6517
4159
7980
2478
2243
8616
2901
4093
2955
681
4359
7471
1713
8577
7787
9563
1871
5667
3476
3799
619
8171
1144
5500
7429
740
4001
89
1891
208
1484
1681
5218
1727
5955
107
9253
3617
1051
24
8315
5388
2268
2946
9773
3727
5464
5001
4755
2096
2632
1771
9320
5302
6050
7671
900
3628
278
4475
4828
9015
463
8048
1551
2370
7547
4841
5346
6905
1084
8616
4776
9894
9451
3246
445
3893
2770
4571
4533
6810
8764
8337
8133
6257
133
1371
9203
1541
3210
5834
5515
7776
4224
4351
9204
1520
775
9313
6971
9305
7115
775
2925
4368
2092
3526
2677
6286
6708
9611
8270
9813
3910
9562
1275
346
6404
4533
5558
1713
2638
6469
7708
2264
6323
313
6136
2070
8985
8543
2419
224
4552
2110
4667
2083
2496
6518
2747
4031
6059
5436
7770
1516
9174
5069
8309
727
9620
6686
9889
3010
5178
8233
9365
4601
1951
6608
6247
8685
859
3671
2734
3210
9326
7571
8428
4629
7331
1185
788
8726
9867
6081
5469
3862
8847
3931
986
1844
55
4892
7808
6262
3927
5096
2509
3487
6517
4931
1657
1079
8330
9026
3476
111
9251
7497
6239
5273
8857
6811
5692
728
7642
6295
5251
4807
7117
4763
3634
5357
1909
3824
2917
4406
3811
1412
3051
6131
1778
4537
4485
8827
9173
4811
6641
7711
2013
9315
9583
1119
8276
2982
8839
4182
6050
354
2415
8481
1366
2369
3847
2046
3105
2456
6526
9526
3377
7064
4292
838
6446
8557
3049
1738
2395
9328
113
3904
9374
2471
7212
5094
499
4067
8664
3876
3147
4669
6945
4417
4472
3224
8110
4410
946
5865
5058
3955
9646
9956
8719
1276
3518
2481
2859
5543
6020
5657
6548
8224
7294
117
4248
9206
4350
5901
1768
9818
6024
1761
7007
968
1537
116
3237
4600
6510
6425
9878
2291
2685
6350
982
5019
472
6552
669
2663
3091
2385
3516
2792
5652
2363
8017
5979
5288
9054
4918
9504
3083
776
703
2695
7870
601
9718
1735
1005
8472
174
6401
1643
7108
7179
334
4187
4267
4341
4575
2571
8790
8157
2623
8450
1537
3905
2561
8460
5503
8670
6532
5868
6286
9039
8996
1352
1075
8549
1656
269
6287
9327
3150
5049
4548
2327
7645
5795
7908
9925
2299
6847
484
3966
2650
1269
9021
2201
9157
6575
4138
7803
4975
8332
7027
2431
5253
7674
572
8512
8787
5122
950
5881
5718
5831
1840
3150
6653
7832
4235
1061
3457
9418
4441
4028
3629
8477
4924
9041
1984
2169
6277
4521
4283
6200
4500
6885
8367
8204
5624
5417
7680
1343
8426
9953
4221
5988
7527
6828
1557
8781
370
520
5975
4890
7956
7734
7655
373
3606
4094
3370
9334
1235
8965
9081
4414
5632
600
378
191
24
3100
7672
147
4840
4369
1216
3941
8477
9180
7905
3950
2404
9874
2794
2471
3964
7719
8269
3725
8371
5306
1048
5051
8390
8685
761
4648
9792
3663
2157
5725
177
2474
594
7383
4503
6333
9379
9340
9891
319
2513
9251
6191
867
6386
4425
1037
929
4876
7944
4958
1985
6995
194
1097
2936
6410
44
4365
1507
4862
8992
2848
494
7746
8232
9455
6059
7168
5826
9465
7284
3511
6020
1973
4684
2213
8359
2345
3350
3094
8060
1506
5496
4918
7014
1425
9002
7216
6389
3117
3965
6981
2432
6454
5969
1069
7940
1386
9019
881
9943
7846
5082
7834
4056
877
3037
9935
4914
497
4108
1518
4497
3036
2910
3111
1299
9823
7577
9683
5537
4554
4121
2592
9770
2647
3662
8471
6351
793
7491
3127
2763
9199
2562
7380
8024
6677
1949
4226
2870
7241
2754
6762
2143
8655
6414
771
9222
9372
2908
7043
9102
9513
1955
5820
4035
6391
4973
3221
6517
1834
5127
3601
8192
6759
7902
647
4448
1051
3998
6079
657
9323
3397
9120
2337
6689
4957
1047
9185
8079
2418
5071
948
4689
8657
6713
1247
2351
2797
1965
583
9975
9507
1498
1332
2617
3673
5140
8667
6158
468
6230
2142
9108
6553
9655
2759
7950
3872
2352
3552
6227
3409
4789
8280
9978
5770
6586
745
8691
4345
7829
2756
617
7274
2062
1716
9290
377
7355
4553
5543
7390
5904
5657
270
6525
4366
2825
2740
6869
438
1382
5133
9642
8288
538
7080
8143
547
8474
6258
9129
8857
6685
8467
1639
2424
5480
9542
6305
4907
4197
9058
1925
2837
2391
8885
2393
5940
2831
7119
337
7623
9068
1067
4758
7437
8009
3397
9927
2456
9753
7728
1086
6344
7320
7177
8064
9795
313
4372
3891
340
8154
4514
2643
6784
4240
1708
5479
6065
1504
7287
3969
6299
2848
9550
797
4556
1062
8762
7771
3475
4538
2527
6204
2721
6015
6649
7087
8583
3610
3163
3832
1458
5515
9176
4345
7158
8777
7734
3542
2778
2232
5084
4318
5338
131
3871
6738
9314
7815
9786
6940
4238
4288
8100
6924
7538
2022
7506
1222
9987
1247
1314
256
2431
4236
4970
4359
8337
8878
9379
8031
5619
4231
4914
2054
9435
701
939
2498
1199
9084
3960
4290
5528
1127
2964
1834
5848
2822
6607
5801
79
9293
8680
135
4730
4953
9706
2829
6982
8903
7132
211
1433
1521
8239
6430
1821
9331
6953
6521
7717
4742
8104
9477
5346
6767
9562
9202
8014
3014
3857
2607
5721
3777
2696
4481
179
5505
4009
1588
8561
49
2638
1862
3898
196
1493
7934
6486
6329
6766
950
2379
605
210
3173
1949
8221
3426
3004
1272
3386
739
5697
3595
5225
3955
8944
5348
5150
2821
8715
4199
5760
9431
8616
1168
9240
7498
7991
1075
5419
3769
3890
4187
9154
9389
9898
1906
620
238
9400
9716
9265
4637
3898
7855
433
6857
7940
8273
9750
5531
3594
5776
2709
2420
8852
6922
625
5224
2031
9663
8174
1463
7066
4911
6502
8595
1595
1690
9331
3321
7045
2154
7044
349
939
7828
3526
2063
4088
9552
5119
8592
8533
4089
1744
7292
666
6984
3295
6752
1889
6544
6673
7187
4541
8310
6642
6876
3361
6416
4937
2672
910
8098
6770
3765
5113
2751
6862
4622
9938
9788
6443
6456
9015
174
218
9326
4022
5400
7163
3580
5108
6854
313
8152
7163
7889
8290
8129
6495
694
781
1521
2416
7284
6463
3197
8347
8124
382
6690
4001
3581
9878
2597
4441
8596
398
7788
2409
1279
291
7779
3895
5389
5724
7185
4881
4095
7448
1100
4910
9637
7403
2956
6672
9818
5570
8034
4180
2883
7710
3038
8621
2729
4285
1867
8902
3458
417
6443
688
9497
457
8320
571
2711
3899
5104
4405
4682
2292
1671
1281
6365
7309
2366
1904
489
4153
6666
6016
1789
3836
2987
6123
1438
4294
5400
9819
1131
3639
3685
4234
9459
6449
4359
132
789
6708
9264
1683
6542
4251
2533
7292
1631
7889
3169
6715
3907
963
514
6929
4444
4807
4422
459
983
4996
9508
1044
6089
3271
4227
8790
4719
602
4518
9469
4739
8176
7716
1302
5389
5320
804
4813
420
4416
1279
8092
6589
8273
4306
9804
3856
9779
1030
4234
3286
6599
2307
9099
5819
3542
7112
9817
367
6751
6251
251
4572
2159
5113
1187
6427
794
2064
3811
1409
5784
7552
2982
4389
3480
4989
9846
713
4446
7462
9721
9822
6575
5078
3976
3792
2251
8346
2718
1665
2884
963
3175
4116
6865
2452
490
8577
7267
1661
2359
4207
9446
8474
1133
6552
6512
880
4002
7204
8270
5754
3811
9544
655
7293
642
1919
2663
622
7142
1763
4815
3127
5712
3080
243
7607
4527
4024
1898
3348
1162
7769
1734
7245
7251
1948
5137
2902
255
516
391
6124
4856
2879
6570
2651
9806
8627
5008
6415
9776
8281
8659
9343
8844
3169
945
1272
653
3966
9277
5749
5112
1099
4443
6627
7235
3483
969
3410
2881
5466
8257
855
8432
8425
9901
4299
4534
1820
8432
5468
4072
5964
6778
7598
9353
3108
308
6948
3201
4556
7383
5979
4396
9386
6102
2292
3487
3837
9708
1645
8243
2311
3998
8170
7791
1680
9521
9922
2074
6236
1751
9854
6447
9877
274
259
576
1570
9335
1847
1845
8593
1921
8732
5181
8713
3988
3564
7600
1150
422
8671
3352
1760
3434
4459
893
2286
4586
3958
8085
705
8538
1067
268
3136
9593
8751
1613
2067
752
210
3532
7450
8606
6581
5016
114
3382
362
5513
8708
4790
2414
5184
9383
8604
2108
5623
7764
2774
193
3619
7903
4334
6600
3517
4093
931
2191
7241
4418
9158
592
8076
1448
2436
6092
4438
1806
9547
2133
1189
4585
9202
1931
1326
6831
9249
2782
8420
5832
1155
3432
1284
2841
5946
7104
1646
7331
4322
3840
3041
6567
716
6898
8447
4165
4043
9118
6803
7985
7542
595
6653
6061
9409
8441
6372
9993
6238
5742
5338
328
8177
2871
8519
4741
7027
8808
458
6316
6457
2932
41
956
7444
7421
4749
9280
3824
9032
3077
4507
4916
6368
2717
9139
9606
678
2299
697
935
1560
385
7034
6420
5906
5973
5548
8881
3296
2619
776
9768
2087
4095
3568
2355
3882
7759
4077
3881
7906
1875
8367
5333
8172
7670
596
3029
3556
3011
1075
1963
1669
4331
7857
4198
5446
2952
9061
2194
4900
7445
2983
1253
8014
8625
2926
1895
6783
5309
1273
4616
320
344
1100
4729
1069
5860
3663
6608
3302
6515
1234
6639
8880
6693
4398
6772
7065
2834
7235
8900
1155
5115
6629
6708
4568
9565
9944
4362
7715
6025
6166
864
7119
8653
2045
7372
3527
5304
8691
897
4734
2512
3356
9826
9591
7586
3943
2457
8933
2510
8465
960
131
380
6818
8627
1466
4713
316
7070
6270
9381
3366
8887
2349
4594
8188
3269
6525
2538
9656
2988
542
1033
7822
7100
8894
8112
2085
5684
5663
1446
2912
8768
4910
7790
3035
1809
5201
9625
5588
6200
2855
3295
7589
8048
1269
3427
2260
3191
17
4904
5778
6933
7807
7121
7378
4836
8894
1231
2499
4641
2779
2008
3197
7396
7200
6393
5742
3106
1107
8525
1006
7417
641
7307
578
8309
7310
8015
4385
2733
3105
5252
8309
5919
5058
7048
4496
7476
9744
1244
3907
4464
3150
1824
3392
1801
686
4296
4631
1522
6697
1185
2115
1212
6048
7984
6236
710
8555
316
6100
232
9284
3111
9315
9274
531
536
8505
7642
300
3213
7774
279
8250
2300
8101
2671
6942
6597
2650
2464
4393
4393
9494
5137
846
6665
7762
9837
4229
6490
4835
5107
6021
3177
353
6736
4606
1977
1990
39
8841
9774
7914
4405
3966
651
6330
6726
9271
4846
74
1954
6582
7129
2208
9006
3885
952
6541
5868
719
9272
6545
6804
179
8987
7776
8393
2292
6650
3570
7804
9780
8244
9985
8235
1657
6778
2830
8134
9494
8056
1877
3238
6635
3005
7056
9751
1557
3243
3384
8787
5665
876
2435
4206
7041
8896
1158
3511
9091
8495
2454
478
1951
4510
998
4532
8593
3707
9550
4195
3892
4123
7845
553
7046
6408
5159
878
5169
5040
553
4698
1358
6470
5984
2706
5532
1575
8085
5996
880
9228
6830
1022
3539
3398
4387
2125
5436
6806
4435
4475
4769
5659
7333
1239
8296
4416
2604
8495
9758
550
5273
2708
2071
5776
7728
170
5520
5370
2410
5874
7472
6035
5189
3540
1865
3912
8883
2921
1319
7498
4445
5617
9186
6733
9206
8752
3792
6570
9406
7305
8265
5728
5070
777
778
3726
7115
1628
8133
1327
3218
4192
50
6374
4705
9775
7110
7996
9676
3118
7050
2826
8322
8636
9979
2563
5103
9286
875
2362
5191
2790
8984
6384
8431
2124
7909
7018
365
392
5431
401
7468
3648
1360
4286
5243
5116
7602
1242
8594
9369
3746
6436
3997
4863
7880
7840
2439
7187
2893
9527
774
5241
434
5306
6416
8085
7511
882
3881
9406
3399
8117
7799
482
6769
8169
1643
260
7241
6302
4939
9588
4502
369
7861
8441
6417
4944
7100
5814
962
4971
2354
4308
5843
6304
8848
3687
8876
8654
7989
1985
2270
420
4978
8126
8358
7642
273
6517
1994
1712
5370
8622
9901
2398
1238
6882
8413
927
6802
7814
1255
4534
5118
4365
5425
470
8293
1475
235
9701
1441
9277
697
8710
1037
5708
3026
4889
8199
6381
5736
799
907
1741
6727
9026
1203
976
6034
7942
645
2975
2701
7583
3283
2325
2945
4339
9318
8192
6454
666
1695
4120
9676
4349
9507
779
405
7023
5162
9230
3515
3732
1372
1962
411
5688
9480
8842
7902
8771
2468
1105
8870
1233
8739
4655
2201
5472
2141
431
1112
7819
735
7999
719
3849
7384
4173
1978
4320
9363
7954
3592
6044
7704
1302
2449
2656
6007
1846
3667
8075
2439
8742
7818
3693
4748
7958
4774
8431
9690
926
3951
3729
1372
8627
3312
4899
3955
6624
6461
3284
4265
4939
5112
8498
7925
2372
3521
1561
7508
8522
6175
4476
9957
2935
6811
1639
8201
3427
8209
7973
1134
9472
8432
8366
4281
9762
4412
7596
5780
1347
1053
1732
559
4371
2568
5884
2965
8752
3186
7708
801
7109
1488
850
7105
335
1790
5141
6089
7233
6028
5260
4540
724
8484
3192
1028
7961
178
6786
1847
1331
1952
6286
2618
2652
9048
2270
4545
8162
2718
825
4421
5098
9648
6155
6113
2082
7212
1787
9409
5889
2327
8057
7075
8940
4446
6712
7474
2051
5154
6302
8147
1612
6441
9340
2966
5766
6552
6207
8348
6096
1515
2918
7493
3545
7683
749
5673
896
5556
8408
42
295
7777
3974
9505
8174
4513
6715
9968
7697
8931
6693
1982
3079
9476
7967
1081
5458
6013
9788
6099
7883
524
1388
4747
7568
6966
7819
3964
7773
7126
8539
3643
5207
7318
6182
3850
8594
8220
5766
1957
3667
4700
6381
6954
863
5573
4689
6808
3441
751
9708
2733
5723
6642
1010
9214
4275
4102
3896
3231
6817
9521
5889
5744
8346
1532
4185
1266
1324
832
7857
8933
506
7682
7802
1843
6166
3630
3789
787
9661
6205
9391
7650
6308
8117
4054
3752
1847
1526
8213
2423
6138
7769
7980
7970
9324
4082
2787
1304
6009
46
2495
2930
4763
5564
6234
8393
9820
304
8232
9443
7716
6262
9305
754
9452
437
6687
2223
2437
9515
1429
3790
3622
9634
6522
1568
2551
6667
9500
825
5689
7013
926
3346
3206
2744
4916
6301
6681
6753
8845
8491
6143
7546
2647
6116
9081
9879
3546
1963
9831
5764
8198
7965
4914
8620
7735
5739
1726
4951
4797
4382
7402
9549
5343
713
8138
9756
8015
887
1523
1291
290
8751
8669
5048
9304
6561
9506
7352
7459
2995
9167
9242
2982
6471
865
9193
6237
6336
6518
129
8827
8595
9572
2501
4597
8141
7101
3805
6581
9485
9495
7646
2790
5260
6391
8077
5385
5529
4955
3184
9502
3866
1326
2291
486
3732
6767
2836
9139
4121
9566
8362
4219
4358
5106
5907
890
7817
1102
4493
3116
1948
1467
4839
6410
489
6388
8970
7353
6702
8449
336
82
4976
5290
7064
6700
6601
2501
3627
5332
9674
7585
5155
915
9816
8966
6263
2666
8770
5054
9161
2991
2353
7396
9490
1372
7784
6911
7293
4386
5018
6169
9020
8918
857
7225
6358
5569
2579
1355
8347
4923
4968
1590
3850
8352
3943
117
8423
324
4992
115
5651
2886
9397
7045
3874
4576
9084
5009
988
5524
7808
66
6753
2945
847
2610
7750
3443
1921
1009
2553
1670
7352
977
2825
30
847
1967
8918
7525
1961
1248
3896
4239
3101
8807
452
5912
417
8723
3793
1325
5260
8424
2074
7340
3967
2834
6669
8883
7483
7325
9635
6020
1080
3359
5260
2496
577
3053
1237
8292
4823
3741
3535
361
7640
6642
1184
2131
2971
4724
4849
8492
6732
4164
4419
7674
30
4484
596
4457
8404
3372
7099
4435
3857
7807
4376
5891
5840
2528
721
827
1568
9547
4424
1608
2546
4719
8105
8863
6113
4855
8367
7740
5824
7717
6201
1187
5950
6407
5566
1198
8681
7538
442
4005
3367
6002
2340
887
2180
3870
2139
7219
4122
1899
730
8790
8658
5234
3663
253
7543
9366
9197
8107
465
9924
2817
1815
2906
2012
9049
1909
9917
602
7808
1819
3308
5816
4252
768
442
8712
5216
9298
42
6999
6455
9144
7427
1618
3481
1890
5057
8399
513
6898
9500
9019
1773
207
4626
2273
9022
7482
4996
2916
7529
9194
6227
8614
1042
5460
5767
9043
6720
4224
1463
4423
3024
6110
8596
690
1857
9896
2111
9355
7905
1427
2296
6946
4731
8257
4445
4543
4935
4026
852
4299
3612
7098
3636
5645
5465
2710
6723
929
948
6676
1361
8080
9749
6563
8862
2835
6954
1147
2135
8284
4911
6548
4429
5350
7117
2315
699
4481
2013
8047
9555
9502
4169
5433
2773
8769
9285
3375
2820
5029
5385
992
3229
9441
7756
537
7271
4215
5730
9569
6039
1427
2615
6275
3094
6571
9187
4363
1120
4158
9059
1930
8593
1654
8386
4139
9960
5509
8415
5732
9337
1592
6440
241
6224
4384
2917
1199
6434
1290
8149
9488
9891
9600
6775
9883
4124
4650
9604
2973
1233
988
2626
1568
6267
7172
5089
2217
2900
5154
4503
4775
2498
7056
4278
7772
955
9601
3608
6331
298
2969
8893
6893
6597
5693
7273
2524
1492
9893
8714
2957
1312
3852
4574
2991
9715
5485
3151
3635
5275
5154
8215
7680
3202
2418
7378
4933
4712
9639
5372
9037
8013
616
6525
8716
3895
5316
5776
1012
3209
1522
5154
2015
1970
8773
5452
8404
2282
6902
1859
6572
6528
716
6423
5582
5623
7946
5117
7156
2813
6431
1008
5451
137
8026
5244
1926
1886
648
6782
4355
2058
176
9800
1633
5019
6516
4812
5433
842
6707
1413
3687
8764
8587
3918
7644
1928
2654
948
8811
367
7646
4237
2913
357
616
3282
8346
577
3399
7796
9253
4515
3667
7952
5853
2931
3546
7280
7224
6798
847
4239
8584
3404
5815
9301
3403
2808
744
1101
7976
2798
9408
1681
8709
2759
9624
7440
7986
4220
4829
3334
1210
1157
9830
3324
7901
1970
1319
2544
6666
4521
1467
6536
6723
8321
9595
9343
6878
2298
1836
763
1133
5261
6189
659
7188
974
5252
9908
9908
8286
4764
2863
1385
4762
5280
897
5
2226
3822
2623
3830
3970
2312
2383
4413
6350
9356
889
4153
1957
1475
5446
9636
9213
8788
9496
9476
5325
5938
5960
4352
8091
1736
2030
3443
6876
2785
9160
7522
6539
6413
6893
2089
1177
9114
8788
1255
2396
5530
3498
600
7163
8694
2172
4883
5934
2770
7798
6884
3675
4952
9867
7781
6366
8571
5870
2902
1843
1441
4434
8086
1586
325
9439
9305
3824
4924
1242
903
5389
3850
1886
4524
2167
8254
9320
4812
12
3722
9745
9231
3574
3625
9548
3189
7530
3054
212
7760
6437
9494
1751
4583
7944
5576
9628
3597
9403
2201
6165
2512
8430
2393
3719
7914
4794
7883
2987
6539
2895
7604
1520
1536
5758
4995
7718
7050
7022
1461
8502
9199
5561
5613
5618
2830
8783
4634
8456
7187
1278
8654
9349
3726
7911
6411
4595
4058
5828
4195
867
7374
1081
6370
1845
340
2382
5052
4577
605
4480
3773
8652
4486
2247
7938
3254
821
9213
8042
4851
3763
4714
7702
1087
9225
1342
6987
4057
8852
7523
4339
1781
5572
1945
6642
2752
8168
8100
3065
5036
6188
7359
1733
1300
7243
5948
5849
5172
6194
6604
5804
1408
3321
5863
3878
5122
4059
9265
3745
2190
9534
8105
14
6271
5451
8484
5419
5477
5503
8410
4626
2862
2002
6750
389
484
2947
9061
7202
1473
1397
9358
9844
9023
5397
1591
5002
1982
8118
2816
1190
5113
1805
9593
8130
9558
2368
6407
996
5226
2986
5406
8891
2035
3960
8494
7883
7884
2782
7375
162
3079
7761
2436
1679
6307
5366
158
9324
1820
8831
1149
8654
2886
1954
3156
3922
6533
4840
5866
1942
2932
5584
7471
2478
9980
297
4317
4319
8349
4374
4698
229
8007
8159
1096
1608
6023
2467
510
1029
7560
7610
8726
8075
5816
7025
4058
1136
5790
7362
7595
5948
3940
5377
1953
3267
1641
7487
6649
1134
3187
7044
293
2143
3058
6397
8633
8506
8212
1882
9859
9742
7601
2692
3181
1820
4874
5620
2468
5886
8442
92
7081
504
6887
3213
2069
4243
1976
4732
6111
2694
5178
4189
9120
6808
119
2969
8610
2353
8281
9259
7055
9759
9459
2535
5840
6162
8532
8603
6015
2571
3221
4448
6126
6431
3620
8738
233
9951
3222
4657
392
5616
5052
7881
6654
4897
9095
4884
1377
428
1424
154
7681
1553
482
1593
4448
5520
4569
7860
9114
5064
9990
2362
4366
4731
5149
4188
8384
7188
3233
6831
682
9765
289
2593
7464
3646
1083
9013
7314
4697
4070
3433
7044
3348
9497
9158
4912
251
3833
1779
2806
6538
5609
2006
3314
4890
3880
7242
7773
1765
6198
5490
1238
6773
5415
2415
602
5175
6317
5685
8148
2625
4488
3066
6665
9945
7256
9975
515
1755
1128
5778
9742
9405
1193
6919
9482
7439
9428
4517
3807
1716
8980
1334
9874
9516
6317
2221
6977
1464
878
4108
7422
9673
406
4690
3574
6925
2238
4200
4208
1675
2461
4648
626
6350
3299
5996
1791
558
2047
2370
3127
2878
3894
2288
7280
3080
4709
5199
1616
7233
478
9169
956
2511
7795
3485
6195
6692
5370
2772
9359
328
167
3057
5014
7352
5988
8162
4605
6584
5967
7809
9741
2938
617
2930
2109
6064
389
1638
6550
9915
9659
2746
5171
6039
7876
9249
4914
6190
2308
6733
6270
1256
343
9597
8251
2152
4600
2971
4774
6278
6756
1812
1390
4260
5457
5376
1672
7384
43
2871
7287
7868
8022
5023
9562
534
1675
1331
6726
3315
6279
7784
8903
1501
3380
6216
8005
6256
990
2076
5022
2081
1061
6828
875
3455
5822
2175
1672
1472
1805
6899
2548
3879
1356
8002
9180
8016
4478
4128
7121
5964
9854
6066
9919
6373
504
2446
1061
9981
5847
2433
6216
7355
4840
1720
3080
831
6982
2428
7707
7572
4515
693
8163
3428
4481
3783
97
8955
9954
6164
2703
5593
9237
4535
2799
4293
5352
8138
7258
2129
3052
2378
2229
57
9472
3618
854
844
1485
2546
8844
9069
4228
712
3582
6914
9389
7917
4778
6007
2592
107
4172
335
2532
8269
5491
4389
7143
240
2483
1338
1369
3580
6543
9543
8959
5041
2421
720
8907
9452
5152
8482
4329
5700
266
8296
7514
1127
4900
4709
2582
304
3322
2615
2074
1972
2208
3738
2643
4459
4477
5787
3665
5748
932
7676
9278
858
6519
7265
5901
76
9796
6212
4545
6491
4155
9851
5902
8896
343
9851
176
3027
7952
5955
9735
6127
8033
1189
171
1383
1598
112
152
9995
457
2467
3195
9117
2528
8344
5487
3664
378
1337
6124
3343
6349
6801
2088
455
6876
39
8857
1142
1261
9228
8395
1485
5247
6622
5597
8821
661
4646
6565
5178
1169
4890
1933
3176
7494
3346
6897
6928
1352
3200
6258
1354
5451
8892
7613
4124
5968
928
8356
2961
1861
2954
1481
7841
4683
2590
9986
7356
1067
4785
5140
5074
8422
5033
5146
4787
1151
8580
9482
3135
1491
7165
8672
8120
2506
9051
9573
4850
2172
6352
3579
8350
5884
2049
9469
8151
1332
1112
2201
3469
397
5411
9638
543
8490
447
1363
2938
6234
2199
7501
1912
5755
6597
309
4556
7025
9989
4262
8420
8781
3231
1875
7833
6879
3807
5960
8892
1759
7996
3310
9102
8628
5141
2976
9919
1682
4582
7122
1017
6528
2168
7009
5214
3655
4780
8119
7942
503
2362
794
651
1716
4678
9131
6870
3506
9756
8917
6142
9539
1617
7097
761
8543
8367
7670
7745
9288
7791
3079
5674
5970
1015
5059
6258
5994
5177
37
3377
5375
3970
2861
5546
6636
8107
836
1066
973
1620
9427
2156
8839
4247
5949
5762
8529
4433
5170
2520
2422
7143
8196
3762
8906
7199
323
6591
8016
4289
5404
4924
4744
1215
2776
9602
4994
9720
7526
6326
2279
9003
1900
8511
5552
1530
4579
7783
9054
5530
7074
1634
9043
779
1325
7410
4424
8479
8276
3573
904
4237
9709
1745
378
2757
834
125
4308
9599
6029
1485
6322
8465
9541
1762
6299
7191
9760
3249
6314
7446
9345
6226
9441
1811
2440
5538
6284
774
5741
8494
7502
9893
5422
7705
1249
8014
7425
7152
7945
8089
1311
446
6350
7499
3950
4602
1776
9587
8349
8661
6313
8732
8468
296
6454
4876
4407
361
3995
9377
6429
6283
4544
3950
3252
862
372
8718
6143
9608
2959
9187
4037
1059
4821
283
9529
1016
3716
5302
9608
6911
2182
3151
262
9076
6054
7855
490
1093
5834
205
3477
7420
9126
5310
5457
6349
934
1311
6450
7301
6966
6411
3553
7326
8012
332
6423
382
8991
6790
1095
3092
7927
8168
9050
9182
2366
4746
3667
5860
7650
3056
5506
4101
7442
8730
1218
8584
2330
5352
2114
695
4723
1970
2776
1737
98
3514
6018
863
7371
565
6355
7231
9746
7136
9029
8970
9958
5444
2182
7266
2699
768
7403
5251
9504
1557
4513
4472
13
7460
7698
659
1658
6115
1477
9197
5537
2841
9464
2932
5291
9152
2091
1007
1184
1361
909
9914
675
5868
5805
8050
1459
1946
8150
8867
1056
7811
4494
4007
1670
1254
7325
970
5810
5537
7753
3393
1620
874
6835
6738
6360
7562
7409
7952
3027
7874
1710
3118
2857
3591
7519
9464
1834
8395
7660
3817
2545
7333
3326
2605
4402
467
3656
8106
2017
7731
9392
893
4211
8362
4960
4698
2073
720
8584
1087
6715
4634
9648
2558
1683
266
7821
7365
2546
2189
4107
5196
2590
1338
7918
7972
6692
9443
3796
8836
9585
2221
3777
5412
6416
7804
3425
4129
8704
7262
1350
8171
1849
297
6226
7033
1584
1676
5372
8041
6005
252
9938
9006
1400
885
6975
7501
6595
4282
8404
3267
2219
5509
597
2325
8821
3571
481
8255
8444
9855
4909
6305
6749
4931
5396
7185
2944
763
5095
7625
249
6047
164
6281
7864
2061
5242
9550
461
3724
2669
8133
1548
7292
7162
9461
1660
7046
8919
5171
2259
8545
1146
82
8628
7072
6321
9388
2912
2382
1293
45
7190
2323
4359
8439
4939
7178
470
6739
3965
8635
3319
1285
2281
5429
1489
6244
3317
8344
5314
7209
9089
421
6482
5967
2252
1286
2972
8388
1699
4525
1408
8698
2551
5298
6732
8768
3091
526
4696
8728
9818
2181
8194
7662
4633
3594
4103
4714
171
4925
1841
3835
7300
3053
5144
5520
1739
8535
9250
3035
4402
8016
4879
1979
4576
2673
5834
2304
4
1354
6252
680
380
6454
7734
727
7408
4164
3053
4212
6528
2318
9770
842
2712
4893
5943
9630
7728
8557
9293
2453
9907
3584
3914
5641
8071
8928
9853
3287
260
5664
6994
9769
29
7929
7575
4130
7818
261
245
5324
8641
8222
8260
8379
7130
3911
6747
933
7854
5129
604
2281
2175
8828
3495
2716
1873
7227
309
2459
2047
580
1185
2829
2976
3214
1730
5950
3128
2550
5306
1504
615
5498
851
6613
9305
3068
8285
9196
4638
684
2105
9738
5716
3941
6292
351
4757
3277
2626
9841
6494
3809
6502
6866
7643
8552
6758
7009
7609
6594
3418
8038
7127
5478
4858
4135
1859
3068
6655
4923
9200
9404
4339
6626
5641
3382
4519
5675
4695
9458
7067
8970
2538
5720
897
7852
3277
4902
5845
5950
2155
190
5864
7632
6212
6407
6373
8169
3686
6856
2192
2119
1713
8548
6595
3285
3048
5267
7333
7034
3529
7462
2104
6583
5270
8918
8473
6075
3412
8282
6159
2518
9630
9406
4851
3690
7094
337
5283
5698
8384
4942
6533
1635
9355
8330
6846
7086
4380
7227
8833
9538
7537
9035
3752
2988
8423
9362
5900
3362
6763
9766
3303
2717
1097
2604
8068
8553
7776
389
7853