2934
1355
966
1241
3801
3034
1575
4311
5996
1810
5058
9587
43
5017
4546
4800
4207
4103
1265
8694
9025
7229
1976
2082
3887
6011
4812
4302
8168
3362
2952
4830
3163
9452
2390
4378
7807
6288
5989
8523
2719
2361
6164
9462
3225
6350
6861
7244
441
8326
6813
4005
4437
4383
7322
3719
9885
3290
9175
565
3585
3958
2746
3253
3658
9766
4414
3637
8198
401
443
4972
3293
9288
4711
9085
8909
4247
2129
2786
9430
6194
9879
7537
1774
7132
7525
7364
3586
7543
7697
7732
4191
5579
1176
2687
1265
6130
1226
596
8464
9751
2170
1762
6074
5044
1289
7052
1148
3996
3008
4224
9422
10000
9198
6139
4490
8607
2139
9686
2535
7786
5561
5793
6264
1209
2885
1967
5406
7392
6432
5964
5471
5511
3556
6103
1976
206
7110
927
6022
2517
7565
4239
3034
5242
8618
7175
3291
5306
30
4467
5254
4074
1738
4929
6350
6143
3344
7507
4584
6708
9314
1552
9217
7151
6525
2647
7854
731
3105
3534
3881
4252
799
8693
8946
9956
5487
5145
2395
102
3003
3327
6863
9765
5977
6863
8586
6377
3334
171
5987
8355
4646
4157
5514
4183
1779
4139
9820
5713
5399
2403
8904
2941
8965
9490
2234
919
3143
2108
2189
8704
7301
4492
6169
2958
4456
6369
2424
8158
670
6770
1609
1757
5854
9074
9519
8880
6297
7990
7371
2389
7099
2524
2732
9244
5819
2008
7615
4016
9954
3674
4000
1891
9122
6455
8552
25
2198
786
4051
7958
4081
9286
3671
5439
1216
8275
8482
1786
3267
9081
1139
9117
4949
2085
8735
1844
1979
7472
7114
9310
1055
641
2462
6484
2244
4755
7396
3296
5929
6443
7074
2982
1282
6902
1725
7888
5641
3873
4478
4876
3124
2616
7796
1467
6810
2828
7030
4586
9680
6044
7125
4903
8320
1039
1941
2872
4965
6459
9144
2978
2756
6398
6670
6429
5391
943
2372
1671
9474
1259
7641
7478
5583
3719
9695
3025
224
2541
5840
8940
9149
4959
4605
7333
3688
6677
1482
301
1189
3242
7444
6692
1220
6801
4358
6858
5658
8793
4369
4979
4067
7661
7096
6625
247
5221
5898
1598
1240
9562
3798
4904
6579
902
7241
7955
2367
8014
659
1047
1819
3342
340
5478
670
2246
630
4542
4880
1413
4545
769
437
1846
2632
5252
5473
4251
2759
8265
5614
8833
2610
4186
5309
1552
572
9476
1462
4043
6912
1943
1590
5835
7229
6942
9479
2602
4323
9596
1288
1230
6036
1039
4756
7916
3385
5471
7134
7499
3443
5951
4658
8231
1338
2909
8136
8308
3752
5980
320
5059
1637
6226
5349
1914
5086
5873
5786
3578
8806
1503
8037
2969
1698
9314
525
6270
9391
3006
6150
2466
9460
3752
6624
7567
1061
3837
147
1067
5589
4099
2761
6455
838
8737
7416
870
5428
3845
913
9200
7923
4523
8277
2243
1340
1424
3602
6412
158
4196
1598
5183
6837
8956
3965
1790
8636
7128
8676
3059
9540
1343
451
6313
2472
5406
3030
6807
2287
8272
1950
7139
4473
9338
4400
8712
6274
8584
3846
4913
5919
8070
6937
5026
199
6997
4875
691
5501
9650
9496
2765
341
7634
4712
8057
888
7310
4260
4068
5213
7168
2856
603
6033
9255
5804
6729
735
7998
3362
7815
1497
2042
9942
7794
4864
2118
4451
2642
3663
6754
9844
8670
2733
6068
1754
1974
4635
7314
31
5850
566
3868
9374
8413
7861
7852
4377
8490
4673
8484
8121
8980
1084
8805
7446
3845
8935
265
1445
327
1386
1823
2183
4842
9047
2203
7863
2493
5619
3759
1116
5395
5598
6450
4774
6273
4416
7572
2407
1823
5806
7074
4913
6763
5951
4643
6243
9800
8805
9970
6391
5234
1262
7235
8287
6770
4685
6138
798
9220
1378
7690
1332
3822
7243
8976
6239
3276
3916
174
8999
7481
7618
6400
2485
1427
56
7441
1395
2419
9466
4443
9603
5289
4673
4942
4251
4353
3139
9735
8565
6088
4864
8558
2305
8268
9104
2831
1902
2822
2107
3358
2687
3213
4463
6509
5150
6847
654
7212
6463
4256
6589
1988
7176
2856
3731
6063
4233
7242
9061
5283
1490
325
654
5661
9663
5971
9918
934
4206
1779
1697
5805
5501
6131
1788
1750
7541
7565
1603
2630
2282
532
9947
5916
2009
4991
2022
2996
5387
8903
8420
9842
1070
5656
4762
6844
3950
1119
6512
8763
771
2994
4151
6372
5889
3406
3044
1201
7166
276
7377
8380
7492
7917
3883
768
7253
9782
4260
427
4745
7587
4976
5550
4134
1605
9913
7839
8958
7898
7854
8669
1144
8646
2779
2139
3495
3886
8229
9741
1119
1367
8345
676
6956
7629
91
413
8975
8544
2962
5741
3431
2257
3058
9070
4324
868
1812
232
6964
2028
8449
85
7245
8152
7967
8614
2362
8487
9978
8468
7892
1551
6513
8162
450
838
5468
1222
4208
7501
4930
9441
1332
617
8268
6055
7012
7822
9542
8254
6428
6157
3376
9512
4072
2478
8388
3335
7925
4504
6600
1033
7886
1558
8803
7553
3033
9511
9509
6719
9854
9953
4723
7467
1081
187
3552
2492
235
6885
8270
8134
1681
6332
3974
4164
8042
7388
6812
7701
8661
5047
3674
2126
4025
7009
8277
3337
4164
9023
9292
4567
3104
2419
9645
5984
7934
6060
7365
976
2321
509
3403
4899
7683
4056
4159
4586
3575
6358
4204
7614
3109
454
7172
2901
5764
9368
4011
3384
5523
3822
4062
4574
2773
7618
9990
3857
3796
8741
474
5495
6542
3969
5884
1318
3363
7615
8231
9263
4413
6249
1029
7814
8490
9583
4314
5545
6408
4288
3853
7168
1281
4904
2626
2816
9401
3124
751
7032
4407
2185
343
7059
8677
4969
5211
9526
2297
8693
4385
8079
89
4129
8432
5309
3050
3617
4470
9244
9164
3311
1555
1359
5432
4064
9142
400
7692
2947
1832
7825
2022
8785
3609
2342
1284
5537
616
1186
6333
6368
3185
6184
6640
4022
2767
8022
6471
2663
4335
5290
3362
6506
5518
6440
6666
9210
9283
788
7400
7420
8259
8396
3444
2208
7903
8273
8497
2464
358
210
942
3709
7461
8635
3145
7681
6250
9307
6493
7355
451
4084
5212
8529
9131
4157
8186
6511
2524
6805
2196
2812
8810
8457
9830
603
282
6569
4413
4185
5743
8150
9500
8906
8557
6490
708
2086
3765
8899
4480
9562
4171
5255
3727
8651
1873
7940
694
1992
8024
8123
1465
7438
5955
9749
7557
7708
9080
2733
2845
997
3141
8158
8528
3110
7394
4300
6900
3446
9459
6882
4658
2073
4352
2419
3553
4819
2140
4525
2518
9724
2867
9223
5186
2008
9837
4070
2148
1828
1983
5637
1287
745
6764
6014
1680
7063
1546
9357
6607
5096
1876
9655
8475
8403
5260
5035
4626
5902
7663
3790
8218
3288
2803
9184
2105
9533
6320
9747
9907
9892
1216
2038
8221
6945
2191
4290
143
649
185
125
840
3724
8416
1549
8017
6343
6135
638
6170
9954
9376
5404
7191
87
6734
295
4542
744
8956
8542
1182
905
9961
2874
7703
1751
6725
5127
549
4106
2798
6905
271
4964
8423
2702
2159
5378
9344
8395
7679
6386
1971
8018
9086
3105
6796
5954
3472
2988
2661
3844
7058
1679
7018
6961
4200
2083
5417
3383
9457
9950
5876
1669
8774
555
6694
8947
6039
5423
9994
8654
4406
563
8245
892
9107
2754
7258
4299
9982
9256
3356
2752
5942
1255
6597
8757
6484
8
3609
7173
1139
5539
9417
671
4107
1762
3477
5161
915
1047
3133
3671
2793
2724
4323
1815
3860
345
3391
4928
5400
9882
1291
4705
4082
9112
4611
8558
1115
3914
4083
7403
3348
5948
3236
5632
2936
8258
8675
5658
9243
6482
2071
4720
4098
600
8335
4213
942
8154
5461
2282
5599
8801
7993
8054
925
1279
4786
4619
6593
1351
3187
2123
4991
2474
6279
8709
2596
4152
4847
2083
9417
7941
2029
321
3475
9337
8834
8281
1837
9874
9316
5119
7595
362
3549
9684
871
2324
4646
4471
4254
2685
4064
3410
7765
5634
4887
7204
4078
8454
1282
5139
9302
8877
5822
5890
9987
3303
8142
9702
1502
8250
1883
3783
4498
8692
7667
5477
8651
3678
3445
9560
3073
7483
5500
4135
6005
818
5489
9081
3681
516
7618
8706
5352
6914
8991
721
9281
8528
6248
7210
4988
749
9080
9835
8091
9695
1193
5142
5752
3192
7118
6869
9951
5747
7364
4995
6631
110
1327
4985
6583
1902
2154
6936
9075
7449
5842
1548
5440
501
2634
6391
7228
9453
2807
933
3095
6982
5504
5145
4418
3103
4475
2258
1498
7506
8191
6819
7340
529
4745
6396
7802
7788
8197
4865
6675
1452
1719
9109
1163
451
8198
1246
3077
854
4728
4279
2643
3960
4845
2953
2329
1800
9982
9540
6217
9988
8546
5934
5636
2570
5223
2497
3266
9160
9000
9160
5921
3729
5865
7675
7384
4154
1622
5475
8113
9896
4883
8577
8500
7034
4966
2384
2968
8789
5347
4894
3510
6097
801
8846
8366
1434
8021
105
629
5495
8849
3649
8481
7703
1964
1632
361
2280
5036
2822
6184
3382
9866
7818
5136
5808
9677
1046
9855
2453
3814
3966
4506
4998
9456
6116
2756
6437
2829
6768
814
7296
1083
4711
9499
5648
1701
4047
2814
6590
4323
7253
9865
9858
5809
8875
1768
644
7029
5321
6945
9819
1104
6794
8380
9198
7536
4166
6321
2543
1627
1715
1240
5528
180
7995
8753
1790
7027
8492
5736
3116
907
1637
922
6762
1251
6998
7148
6703
9399
3320
8610
7713
1316
4456
3368
7771
2122
1526
50
4155
9902
5888
3224
8075
364
9213
5551
7014
9449
2466
4073
3867
9192
6433
4375
9689
5593
1079
1307
1961
956
3293
6349
930
9286
7102
3154
1756
8864
1899
253
6825
4816
6413
9427
632
8435
7263
8784
1548
9350
1487
5806
4676
9768
8425
3684
3954
8256
2742
1920
2040
9712
7656
1796
414
819
9141
6148
4557
5799
6240
9084
1374
5975
1162
9688
5353
1139
7099
8380
8067
3516
2085
7565
1268
5026
2909
6936
8378
8893
5421
8330
1574
1059
5327
3762
1528
1305
9984
9576
4058
121
4349
7260
5064
1459
2669
6066
9236
4864
5441
747
6212
1490
3999
6357
1688
4425
6419
4895
706
6196
2088
7072
8270
812
9588
8667
4089
199
4972
7152
2675
6127
4999
4736
1238
4612
2046
442
9533
4873
2003
5670
6872
2223
4695
3475
3593
2497
7463
4956
1963
2373
1109
8763
4118
8725
1532
2218
5768
4148
112
7528
1137
7420
4265
949
9991
5657
1025
4286
231
4572
7423
4924
8260
8430
1409
7403
9270
4833
9468
9906
631
4697
2958
9366
8555
5761
3392
2098
3585
2270
6076
2457
9742
3047
3929
954
7295
65
7854
9290
3269
2200
5355
1244
5714
4778
8577
379
6354
4314
8144
5423
8427
2158
8511
5139
9383
8193
3060
7597
6063
9288
9301
7983
9624
1060
7760
856
8497
8879
4000
8985
2669
8828
2248
1175
7854
9355
7093
8325
3962
8577
3605
6672
6434
8674
2076
2273
638
4716
3877
9929
15
9828
6723
3108
7423
9911
2903
4478
3136
6434
7637
5104
3377
8647
2736
6022
4507
1703
8759
2077
7840
394
5004
3216
1802
5325
9678
9619
2770
5572
3173
5968
616
4523
4733
7831
3718
404
5792
8582
1413
3028
4121
5889
9581
7694
4378
5557
5290
6890
5110
5771
5638
3066
2700
7566
9684
1093
9411
9879
8346
2844
8464
4913
5258
2617
7717
4810
7337
9046
7328
8065
7963
2391
8735
3427
7696
791
843
9159
153
1353
4837
5253
3361
1547
4260
7474
5754
4256
7425
5868
3873
9951
6669
1474
9299
2045
8951
9737
5759
2947
6714
1361
5889
8951
707
8453
8991
2381
1764
7124
1592
2406
3164
7932
6363
3555
4319
4637
8353
8558
8804
1738
3549
9047
3097
8354
3600
6185
4378
8357
3040
4653
1205
2584
8965
7964
7803
6244
4507
6123
3627
3328
9208
3510
1992
1879
3027
9919
8619
6855
617
80
3694
1509
6675
1668
6726
2455
7725
1800
3825
6291
1170
181
5845
4253
4313
9304
8656
6047
5619
6956
292
7814
5946
5720
873
1715
5917
6225
8874
1535
2494
9544
1804
9991
3067
2800
5070
5195
335
3258
5199
2724
546
7047
2920
7133
6731
6828
1980
5952
8790
9073
3704
9772
2165
7558
5486
3496
747
9
9900
9734
2947
5878
8662
3429
6838
1145
7088
6512
8062
4055
5097
43
5378
2
5264
5221
904
9910
9052
1025
1307
1385
7948
7323
599
3509
4920
4785
5233
5028
5272
8240
2187
1289
2577
1987
2954
2010
1452
6761
2300
1092
9420
3514
7094
5053
8843
3907
3126
3281
5218
8345
505
5236
6716
2331
1406
2379
9711
1373
1296
5180
5669
8954
5673
3229
5759
9950
1690
3329
9738
5940
2391
406
1268
5303
2997
2961
194
3513
1939
5312
635
8821
7861
3402
7718
2468
8216
3571
2711
9275
6956
5457
5647
8106
9444
3286
7420
7934
6316
734
2089
4929
4082
636
6530
2521
5483
8169
432
9480
6547
5715
4653
469
4141
6011
8150
3723
1658
437
8568
7921
9674
9270
9447
7631
3159
9293
2080
8881
4186
1719
2103
473
7889
6190
2253
5578
4946
7760
3591
1049
9427
4359
9836
3772
4214
3362
7608
7456
367
1140
1761
8823
3627
4100
4121
1807
9884
3186
1381
2050
1905
8738
9330
8402
9713
9354
7543
3351
7533
622
5747
8805
8094
2183
592
789
5644
8643
1352
3947
7004
3302
7203
3810
1165
4362
7597
2699
8171
3432
5536
5556
594
7762
8543
6223
3822
2993
6117
5836
3501
1992
3844
135
2162
4770
4504
9841
4125
1603
4644
8610
7041
9469
9884
8040
1821
1732
9857
2625
2360
8100
1053
9224
5902
6772
3335
3866
1198
1337
8255
5970
7041
1005
740
8219
2827
5800
6163
344
3008
1337
7970
7130
1426
6414
3676
1278
5383
3827
8432
1553
7463
680
4914
1809
3239
5856
4702
2726
9850
403
6939
7808
4159
6184
6928
6965
355
3330
1545
3552
6528
5156
5425
8405
3428
9544
3008
288
1691
3226
8202
524
5748
2117
1437
1922
6701
4378
2390
9678
5090
8421
8224
5265
9537
6983
9744
412
146
5861
995
2054
8848
4456
3885
8938
616
669
9475
7451
8760
377
7531
2592
46
4687
3806
4127
2229
1541
8543
2863
3602
2439
3241
2666
931
4909
1165
9053
4523
4202
6101
8152
8819
4472
8630
5187
4012
5700
2872
7759
2767
1739
9297
8028
8890
7710
6758
1735
2389
8343
8861
4887
3943
3347
1435
5542
9085
7088
6400
2616
7526
3560
1015
539
2766
3689
3779
5761
421
5657
8804
6481
9389
9725
2217
7531
8706
2597
9871
4633
5977
2665
9579
4715
5953
2240
5352
8609
6463
1069
2150
5112
79
6824
9907
9698
3414
3924
737
7008
9660
1716
1437
75
6965
2698
596
4612
7362
417
4778
6299
1115
8245
7276
7933
6064
5638
4584
5535
4786
7600
3594
9637
2650
733
2759
4733
6645
6379
4458
105
9498
1692
5563
766
7242
8584
51
2904
5371
774
2782
3190
6184
6357
9879
6412
9163
8654
749
8109
7152
8736
7923
4294
6623
4084
6832
8569
1270
1650
215
1468
4617
1243
1147
2626
2849
1066
756
3345
1617
8917
8231
9726
5726
3597
1808
8580
4626
210
9052
4137
1258
9939
5366
7775
8845
1908
8531
2129
8677
6516
5044
4179
6020
7543
1536
8492
543
6008
8533
3298
2148
3363
6939
9592
9373
417
8662
3030
1984
7548
8773
8242
6687
1592
1590
1876
4047
3608
7529
158
5786
7579
9504
7604
6039
6306
7960
8334
9440
8942
5768
6884
1042
3501
4625
4995
5981
7841
1825
9253
7864
1938
4987
4273
9344
3066
207
3702
1452
635
9433
6349
7745
9648
2536
6357
3986
1636
9164
7952
9111
4148
4128
9031
7941
7275
1509
4991
9138
9552
9526
2805
3346
2417
1938
8489
7076
26
9897
290
767
690
5547
4941
3275
405
5633
6125
4341
7190
9909
126
3162
62
271
7319
9879
1005
7884
9933
2701
6568
4939
4541
9398
1056
7618
1694
4012
2901
1430
719
4963
1765
4114
4037
1621
5860
7221
9934
4726
5109
5710
7543
3525
5867
4886
8069
2160
6908
9620
2021
4661
1978
462
1674
45
6147
9433
8553
2592
9270
2555
7876
6490
4521
4090
6027
4977
497
5249
2175
9020
4837
5996
7626
6649
6068
4363
1638
1995
2028
9345
414
2347
6379
5087
4290
8524
4955
8706
2451
4951
8818
4145
7939
9947
3566
5926
760
8118
7033
7017
8187
8593
9832
7588
9214
5613
4958
5977
2351
1905
8238
6144
6573
6884
6229
7972
6353
8514
8584
3869
9381
2361
5921
5514
9828
2385
1949
4616
466
2201
2151
8769
7571
2967
6543
718
8324
1855
9599
5266
9547
555
450
8254
9039
211
6748
5335
4585
3448
8865
3143
4039
8842
4600
9489
8173
6996
8484
6819
8100
3190
3984
2471
2984
5301
5306
9993
866
2766
418
5913
1976
9942
6261
2542
9168
1507
606
6975
99
5473
4694
990
8631
7349
4135
8994
6569
4357
9202
3756
5435
5991
4956
608
5953
9814
9880
4128
759
9265
3748
5166
3597
9303
1600
9560
9696
4709
6840
8186
7830
4861
285
1214
371
5747
4213
54
1980
4433
84
7951
4172
924
1694
1975
8197
3398
5443
7311
9497
9828
98
823
9995
4209
4627
9772
7360
7900
1530
2226
6243
4977
7335
2711
207
4735
847
61
5586
3503
7644
7082
8369
7775
5848
7739
3167
5250
7721
2800
7458
4975
6067
9125
4590
4476
3486
1583
1332
4252
5338
4046
4052
8230
2121
2805
358
3694
356
400
8128
8501
2182
447
8865
9133
6201
5569
4089
9986
4619
5265
3930
7329
6918
3449
914
3822
4546
1126
6330
1681
2018
1118
9870
9547
1824
1794
9924
5831
3960
8072
9239
5677
228
9112
7465
4752
9462
8734
8297
2073
9472
7542
3391
409
7304
2389
7796
9588
6833
65
5008
7832
3166
6993
2154
5793
6392
2130
7100
1394
3250
7589
8515
7992
7951
8947
6530
4724
8766
4352
7869
4791
2022
5439
2336
8716
186
9425
8233
6054
7335
1928
8069
3343
3810
5949
2849
1835
5934
1684
2617
9405
6853
6360
7144
5479
7961
3526
4738
5232
3660
2622
6071
5801
4779
1895
1925
4660
4249
5108
927
1293
8034
3878
1620
4503
5101
2863
3697
5631
9463
6309
3895
9318
2334
4529
1179
3619
2879
2622
9727
1397
9892
4176
7100
8047
8930
9473
2667
7884
5069
7300
2863
5409
53
8498
3780
2535
3945
2800
857
9616
7259
1874
5414
9509
2133
12
7704
2705
1015
9027
7886
4434
6787
7094
3092
5881
5611
4612
572
8793
2587
2840
5387
297
9226
285
6264
7388
9242
9112
9711
9203
9696
5086
7430
2806
8438
7254
3711
1129
1167
6724
2764
5656
7054
693
7520
1760
7855
4517
944
1135
9519
2499
3396
3349
9244
2662
876
7409
6334
5254
9044
6615
3384
8844
8876
336
8733
3385
5351
5079
8309
5407
3664
1247
131
5446
5261
8885
7548
9638
4271
3601
5956
6292
2093
1481
5788
8517
3634
7254
9622
4851
9068
4582
9986
1174
3781
5931
5023
4065
1560
2274
2231
7531
6336
1906
4172
8119
6981
8799
2129
5900
4091
9731
1721
2863
399
5044
2121
1973
344
7347
2018
2463
963
1369
496
8399
2058
7014
8227
4912
8168
2043
477
8190
9153
1293
654
5256
9720
1288
9497
6968
9377
7379
2018
8699
5160
8713
1618
480
6258
9927
6595
4874
7199
9163
2312
309
1500
4826
8857
3617
2015
8279
2708
4380
2497
2173
5921
4724
463
4875
4000
5629
1758
3265
8133
8287
5250
7030
3116
6930
4771
3616
9526
9340
7772
9351
9161
1577
4964
7727
253
9384
5105
6717
3313
4789
8783
7407
9726
6291
9513
2154
4486
1025
7969
2956
3502
1879
661
1321
3225
5207
9851
4063
4413
1948
2849
6225
2799
6052
6145
1986
7624
2264
3568
4923
5471
9226
1623
2887
741
5680
8799
4422
272
5501
4922
7514
593
8588
7564
1697
3195
2658
7481
4209
3801
5051
2120
8746
2268
1508
1481
7837
7999
376
6821
5086
2585
3101
9349
9646
9972
9913
6403
818
4365
1934
8537
8204
3666
8811
431
1956
943
402
9191
1208
8486
7809
3749
5870
3079
8904
3904
847
5786
436
3977
2348
7369
3163
9866
4317
552
9978
412
7135
6068
1900
3521
357
7471
2966
2012
4524
4102
4459
1219
5487
9226
6249
1037
6374
3904
7162
7981
7677
2117
9141
7327
4936
2727
3987
3066
4912
5856
5052
3703
6585
7450
8425
1200
4649
121
3880
545
4859
2346
5767
5007
1643
652
749
5445
1673
287
6890
5979
2485
7319
176
1404
4124
6499
6808
5591
9862
2474
1210
615
1056
6130
2632
8335
9769
2986
4893
4511
6429
9438
6166
7092
4190
5299
3555
1670
8750
1015
8247
8211
4528
7243
9950
5776
5338
1690
4148
4247
9579
5330
5913
756
3901
6685
3279
5016
3213
8823
7000
2384
1990
4270
695
764
929
7594
2289
3293
4599
525
4922
7015
2900
3725
902
8897
7457
5108
3830
8570
3872
2689
5091
3133
2703
990
5153
4502
5684
1444
1683
3960
4984
6849
9177
4941
7888
4864
6394
2371
8230
2632
6331
4431
7244
1185
102
7633
4456
8700
4115
9838
8528
6572
7723
4183
6475
1992
3470
8637
5492
1275
3371
5284
2419
8566
8713
8928
1745
9156
4799
7661
1258
3734
8058
103
1430
5572
9519
9953
1567
4596
6623
2628
2773
3521
3896
9276
3423
4566
6822
4136
882
1942
2082
9224
440
7916
1492
4691
2792
8495
6164
4382
2756
9004
3137
5533
1039
7138
9210
5083
5086
3727
8902
9070
464
7488
6169
7863
8471
8592
8371
4562
2027
4127
3058
6585
6684
1865
879
6098
275
5976
8945
8273
7969
1320
9300
6641
132
9088
8313
308
6068
9876
9489
9286
264
5573
3594
1108
7051
2959
1218
38
9806
9876
5647
2081
154
1427
6290
6139
3161
7518
6414
6201
6850
4043
6446
9441
8434
6030
838
8485
1551
6324
9796
7486
3756
4476
6704
8892
794
6029
154
1037
8371
7517
1106
5002
6997
2955
8710
9341
1131
38
545
134
7203
8712
3724
890
7041
1855
7159
8520
7431
1524
1635
5590
9481
253
6535
2176
9337
720
2253
2426
5203
3315
9049
551
2454
5371
4337
4889
6881
5163
3324
563
8034
8676
4672
9689
6021
6637
7326
5336
4188
291
8228
3768
1736
5941
1887
6793
9191
2749
8097
8555
9606
9805
3604
1313
6791
642
8103
1016
2457
2644
4231
1774
3536
3994
4250
5849
1988
651
8751
6065
6922
8421
4401
9259
1443
1425
3416
5472
5530
4714
936
9461
4210
5706
3343
8447
9544
1328
6516
3184
2549
2456
4243
1468
2960
5787
6800
8464
633
9115
7796
9717
5558
3747
4712
8890
6631
9305
770
2512
6645
165
4591
1990
8703
616
8485
294
1243
9218
4585
2746
7694
6575
82
2850
1509
5870
4122
6527
6283
8085
1890
7023
2083
6706
2747
9484
3536
1004
7378
5163
2176
586
2806
2582
4812
7584
3603
4271
9358
1498
9094
7016
3433
9490
7985
8231
4165
4934
2848
4090
7573
1
3995
1338
3530
9796
5152
7118
4763
5048
5227
4594
426
3936
8702
1951
4383
313
4469
5984
3466
2724
6647
2688
4571
186
9209
774
8451
5206
8987
1264
1099
6271
6467
9715
3856
5161
1089
103
5855
8162
7793
5051
7438
896
2898
2675
5252
405
2175
3265
4807
504
6118
3615
3948
1970
3772
2081
2948
569
7117
1953
5187
540
5624
171
7884
1246
6728
1970
2690
8932
6554
1907
4676
894
4978
9180
3645
2
6455
4741
137
6111
7908
2067
9047
670
7887
5928
4556
8213
4114
4419
2540
8166
8691
1529
1537
9463
4448
884
4277
4332
6232
8114
450
133
7924
5112
2641
6181
8237
1329
2859
9529
6246
9357
4719
8642
4301
7449
8871
3378
5041
8722
3285
112
3029
2806
1950
358
2792
7544
754
9430
5119
4549
4569
1523
3741
1827
701
7512
1720
4427
9756
9814
9850
2254
4330
5819
2650
8512
6581
3724
1829
2945
2639
8363
6845
5009
845
6277
1709
4405
7613
2901
7598
2715
560
4796
6153
6426
7477
2301
3697
1949
9048
8537
163
3782
2199
758
200
5944
5062
6881
3286
9830
5788
5060
4468
7243
5417
8242
4386
7524
4250
8805
2729
4466
3266
7517
5256
6373
3754
9089
2936
8489
1667
1172
3424
3866
7729
9251
1325
5581
8860
9186
6851
9799
1270
4471
440
3364
8054
695
8926
5092
6580
8746
2049
9570
769
4042
2819
1640
2473
725
3867
6197
7378
6584
2958
2336
3646
4803
4684
1001
5644
9447
6449
3030
1553
4213
4694
5285
8817
7100
8256
3036
6518
195
2692
8841
2317
1789
2820
5775
5901
1512
5977
5529
8436
4657
6671
2952
4340
9386
6812
5575
21
6724
4383
689
1976
6062
3019
546
9757
5501
6696
5192
2344
1148
533
7798
4896
3164
6977
2248
2512
2718
8379
1584
2612
1765
4507
5790
1380
9819
9265
8648
4403
185
9183
1851
5702
4639
6220
9414
2026
6286
2185
1124
8600
3651
2072
5988
847
8062
2503
8297
2917
9083
2164
4985
3995
4202
2250
4826
580
1865
6529
5724
6057
8902
2656
9962
6635
5508
9648
2161
1878
6636
5514
2866
2057
1706
507
434
7120
2770
1340
460
790
9007
5808
7641
2900
5793
1862
8617
2978
1026
2561
7422
5758
9378
3479
8869
8275
4568
9236
3618
139
6292
766
3613
3564
8044
3429
9841
9309
7768
9400
861
5856
9221
4432
6469
3785
6676
855
4013
7933
9581
1912
5414
6422
2749
1961
9733
7439
836
1502
338
4829
4776
2844
9140
1569
9571
857
9109
557
2541
5819
3133
6981
5294
8520
8253
7877
5166
2435
7004
768
2376
6542
9933
8285
5012
3407
3427
1493
5275
5935
7800
1365
2459
6059
9383
2210
1316
4978
6357
3322
712
348
740
1792
9535
8439
5101
9549
5806
8912
9778
6688
4373
296
2549
621
9865
9430
5558
4055
2330
4194
3171
5424
8963
885
6606
7689
456
4185
5147
8912
5425
5371
5851
8941
1149
3973
1652
3945
6941
9005
3126
7908
4740
3045
6500
4850
7593
4368
701
5252
2354
5210
4734
4668
2419
750
2581
7980
8210
5113
888
2543
1287
9148
7953
5358
5786
4869
1333
4649
6426
7857
3451
7310
9103
8905
74
2224
6763
4018
4420
6606
689
5237
9691
2192
9143
5659
6103
9552
9245
6550
9980
9679
1530
2150
7069
2768
4673
8221
3536
2990
2857
9897
7470
293
2532
5070
8550
2733
5593
8438
1604
7689
5018
7997
2110
6822
5099
5398
3129
5532
1566
831
3630
3029
1760
215
3200
3527
5230
1760
6487
1577
3788
2594
6182
5275
5171
5109
2023
6687
4813
8258
5342
6679
2811
7497
9586
6976
5591
5460
3464
5455
2025
5266
6875
8664
5194
5951
9471
7805
4508
3982
6562
6467
1557
6109
544
9563
9086
2698
4832
4652
6330
1782
2200
3754
2613
1253
4837
3253
6833
6291
4590
9950
285
7740
1140
5483
9445
9745
306
8701
4600
1982
8470
3801
748
384
2696
8651
1930
4029
8095
858
434
7391
6262
8797
4152
3715
9279
1385
6023
5520
9646
5927
3657
9025
6289
4203
1490
3228
2573
5989
6907
7993
8379
8355
2945
2929
6199
9007
8180
5036
8375
1020
1953
5394
5683
5445
7052
2044
5491
6488
5430
4005
1767
9046
3694
6311
59
392
2188
9717
7495
247
4844
5550
5471
9370
6357
6085
7116
4814
4164
2563
4469
4245
6631
1540
6791
6546
4008
955
539
8610
851
4592
2175
9895
6376
1065
7870
4172
4875
1780
2277
9724
5405
6727
8244
2947
2369
6819
6617
8755
8722
5045
182
6479
3846
8955
2237
2573
6985
7836
887
1580
5692
3617
8379
9591
4453
3562
1447
556
2424
1430
7878
3367
3905
5641
2483
9765
3723
7036
1836
4295
4083
9020
345
3021
7265
6706
5938
1763
8594
1615
1809
3135
4837
458
2064
6494
9395
7471
2817
4575
8578
6945
7696
6278
1016
5751
5664
9651
1209
5831
9145
8667
5004
4721
2034
3333
4708
7179
7446
8650
3400
9904
3747
3359
4655
2847
778
357
8352
2793
1994
754
1260
7745
9077
5144
870
5741
7768
687
4427
785
5959
5302
9455
9855
6054
7881
4691
2862
1944
7889
8166
9463
4979
5125
8410
8549
9412
2210
4784
1839
7274
6583
2216
5470
6388
6366
8497
8760
4900
8174
1703
2377
8068
4841
2324
4912
1005
7708
8629
9587
6329
9742
4088
2962
3725
4598
1479
1299
221
8280
2353
795
2727
9206
5434
4600
8453
5167
1240
6277
9261
4659
757
1973
9228
2531
7941
7106
3370
7486
7980
8260
2291
6034
1286
3823
1000
7659
8990
2171
7483
3679
6293
2889
1
9006
8821
9592
9790
6776
3193
1307
4603
2646
2484
9823
6044
7098
3951
1335
132
2044
2460
8753
7709
5845
173
9119
2700
5330
9468
1710
2782
7090
1606
6815
7282
7680
449
5112
3980
310
3167
5723
4572
295
2051
623
9365
1176
6029
1956
1007
825
3741
4061
3322
1244
634
7860
6816
7392
3924
1326
3770
5716
2330
2615
7163
4425
5878
6023
4845
1630
1175
6978
2791
7817
6302
6650
6832
4002
3658
27
5899
4873
6048
2816
1593
8480
1552
1850
8045
593
9850
8390
4124
540
653
5735
4608
6116
3980
9191
9126
1600
3680
5712
5303
9105
3417
9482
292
591
6762
3069
4954
4997
227
9280
4728
2451
2777
4690
9983
5016
6663
2346
3965
8213
5561
1082
1493
2762
8684
6986
8734
9544
7872
6266
6382
2243
7472
3118
5203
9251
5128
4377
1991
706
5660
510
9759
9585
5733
1053
6074
1457
5961
4360
1733
693
9200
3816
1989
9831
882
2189
5985
6212
4581
7077
7258
2062
4143
6288
2422
2391
5157
1592
8067
1787
946
8695
4640
9794
350
7491
5252
4787
3787
555
5502
5475
758
6377
3068
707
2997
7907
2430
8215
4936
3730
8611
1205
6393
6345
4595
7802
671
3182
9654
4547
819
5005
2889
1282
6176
2699
1110
2231
9731
1278
1821
3140
6919
8925
9059
7779
353
4023
386
9948
5861
9634
6079
2267
6927
4497
2668
7744
2083
2375
4227
7685
6995
5681
5095
206
4258
3754
1865
8633
4735
7670
6494
9532
4471
3655
6427
8249
3175
7892
2257
209
3067
6276
3546
7338
3441
856
4765
9345
8056
8630
1261
7120
3735
5337
9993
9412
9140
5067
7105
1740
4496
3968
9937
3882
8508
789
3410
7435
375
7279
7978
7230
5278
9154
3891
6590
8764
6004
4523
4958
1673
6617
5469
5857
7011
9638
223
3080
301
3408
9357
5897
8954
3073
3084
2003
402
8783
6795
858
3997
4897
6474
5756
5266
3077
8560
5331
8218
9725
8365
5026
3802
5362
5360
8314
4696
8335
7573
1941
7436
1707
5251
6398
6394
5934
5479
1200
1170
761
6396
1922
4862
5978
2562
2169
1826
8801
8561
2641
9897
6308
2441
74
4184
6691
8138
1234
4660
1070
3956
3739
1234
131
5793
1389
190
7535
9420
1573
1958
7121
2175
2114
8432
4487
2560
6254
4078
5507
6289
8695
9544
9449
3808
8555
501
7846
2949
4154
3413
3713
6171
4013
2114
6245
2880
6381
246
7659
3513
8492
1747
1510
9549
4617
5751
5654
5347
6315
4614
8606
2292
9951
3316
5316
2926
525
7136
5748
2806
4291
7023
6965
5891
5831
3073
5355
3597
2985
6104
8690
4960
9483
1551
3690
4468
6887
9574
1158
7635
7482
6483
1329
2907
3050
573
1577
55
9270
3705
4298
205
9968
5731
3500
3898
5602
8785
6863
8986
57
6358
3081
5867
8492
6999
8902
5326
9262
432
8962
3825
6957
8467
571
2329
1772
8490
1293
4524
9440
169
9564
8554
4317
6375
9309
8034
8510
3905
477
1238
3138
607
4913
2326
6469
7428
7642
1837
5323
3964
2737
9113
1153
237
7563
893
2353
993
4372
6158
1072
9067
5551
7450
4791
7946
4922
9774
3976
6533
8904
8501
910
5103
4224
1152
5394
864
4764
5865
5459
6658
6241
8235
4784
1575
3402
7305
4862
2096
5968
7385
6681
9435
8786
8388
5988
462
5416
158
9624
6213
608
6307
2645
2027
5346
2210
355
4425
4437
866
7496
6220
1716
8334
1496
2680
7521
1293
9139
8345
8337
708
9075
7696
4425
7342
8851
5214
1933
8288
9590
3394
1153
4915
4897
3593
5978
7520
2435
2109
7773
7347
5113
1405
5512
6673
761
5328
3112
5037
3993
9021
3425
5906
3611
1643
4649
6790
9429
3137
9446
2168
6220
3173
3147
71
3372
2291
6526
8910
6359
4047
6113
6451
1914
5090
6509
5426
3516
3767
7452
9121
6885
2422
4511
9459
909
3919
3693
2651
1152
4413
1404
2934
9588
4091
6193
4483
6501
1582
7470
2590
7852
1191
433
9905
2568
4212
3474
3564
8997
816
6672
2286
2293
4843
4901
3717
7753
68
8584
99
6757
4833
9673
9648
4918
8044
4652
7115
6094
8491
4410
5852
2691
5887
432
8686
7357
8747
2973
9995
5744
883
8837
1875
1043
2032
4671
4345
6535
7562
4310
9862
9412
3995
8063
9534
1125
7888
374
2723
6574
6574
5462
6217
4238
6181
479
2013
8226
5481
9688
8150
5224
5307
9852
3380
3885
2703
2779
1003
4525
1499
7523
7294
4849
9116
5091
9809
6636
7799
6173
5206
4294
8872
2210
1649
7362
2106
5219
5153
5887
9634
3177
2909
9690
3830
74
9023
5340
9389
2465
226
6427
5447
2411
1946
1080
6907
9425
2312
5829
2540
415
107
5964
688
6010
2924
2210
7518
5003
7824
7276
4928
9264
2656
1056
4804
5008
2275
98
1657
2980
8140
9718
1771
7022
6733
4821
1609
2240
3790
1961
1962
8309
4741
8350
5212
729
1777
6988
5832
8394
1747
5791
8073
7760
8808
5765
5372
1159
8473
3256
2928
3327
5335
6872
2080
4838
4128
8676
8516
882
1840
5467
1683
8936
6753
4564
4905
9115
643
6343
5904
8223
4788
6273
5863
7131
9896
3285
8315
5176
5216
4529
5148
2693
8967
3719
2362
9338
7289
7056
9396
5926
959
8221
9633
188
2045
2275
2359
7206
4647
9408
9743
8547
9457
8415
5021
8758
9511
3502
3054
4456
5408
1221
9817
2705
2904
4820
2124
674
7750
2923
6849
8598
2381
1624
9042
2247
6752
9457
3871
9080
366
8857
6886
7264
5825
6760
2102
9146
2648
3634
3191
4667
3810
3538
9812
4117
51
1820
7674
1030
6333
4202
2205
517
7335
4022
2339
9990
9459
496
4605
9872
8664
8736
4318
3346
9549
4934
4342
4978
4533
431
431
2779
505
4686
1329
9554
9142
4284
8512
5230
5178
180
9555
8683
7737
1637
8731
9292
4255
9285
7497
306
6584
6842
5491
8022
4586
6601
556
9209
6512
6910
697
4379
6405
5807
6844
7977
4041
3731
4385
5401
3275
8059
4411
7572
4513
3733
9225
850
6166
578
9103
9104
6369
6511
9182
9094
6446
6051
3945
8204
8621
2093
4468
9013
3617
2436
3818
2544
2215
3152
7698
9962
5816
9271
7710
9397
755
1653
7963
1632
3616
1950
2880
556
9137
5324
9090
4534
5381
3306
3366
6818
4733
2391
7777
1537
1660
2563
5315
2470
3824
2127
3090
7828
6452
8913
1672
6387
2018
9667
4201
806
9970
8659
1313
5772
8016
6199
1819
5192
219
4325
5083
781
458
9058
4864
9655
41
206
726
2711
4441
7339
1073
3338
4124
8943
2119
6811
8058
397
2712
6215
4384
2171
4055
1670
3144
2786
6088
6792
3690
5146
1215
6258
6421
2895
6457
6204
299
4989
4650
5870
8198
8008
1232
4876
3581
2036
4873
7612
1902
7815
5151
2200
5853
6647
837
5252
2962
591
7250
6538
89
9807
7298
5674
7430
6265
7271
7330
3728
2189
9896
7775
5679
9833
4945
552
1546
8125
2537
6600
5662
1506
7337
8779
4421
5099
5381
5484
1385
7025
5500
5727
2718
7854
2957
1928
7812
5238
6927
8496
6830
756
7193
3396
5186
8556
9840
8748
9028
9190
900
5207
3030
1470
458
1221
2608
6441
2103
5726
9893
5561
9340
1439
6007
137
908
2917
7537
2929
8818
6025
1798
3171
6156
5477
152
3722
7539
9306
2090
555
7125
7993
1553
5887
5064
8173
6261
215
8889
1275
5137
9172
8568
1683
4176
5934
9700
6578
9397
3529
1814
6083
9280
4671
3335
3693
6858
4738
2266
421
5306
7656
5649
7296
8725
4595
3897
9421
3556
6410
6696
6977
2342
2384
3370
3650
8613
2165
3678
3247
6469
3694
7914
6757
3445
1100
8234
3027
5831
8411
7754
7762
2831
1332
4711
7274
2112
4684
8400
5313
6116
4894
666
6530
8483
4682
6223
3038
5736
3762
7687
6495
764
2122
3961
500
5382
6147
1762
8218
3508
4232
6967
7961
8580
665
1767
3355
7609
8830
6679
8448
1194
4971
9146
4628
2147
9561
3304
3906
4610
9363
2269
3667
6011
2884
6739
2725
8915
507
669
296
8490
9329
728
473
8111
5747
529
2528
921
1288
2113
2945
6040
8855
5797
1020
4088
5354
127
2479
3252
3925
8093
607
3315
7282
3953
3413
5158
2400
6664
1210
7105
6812
877
1143
1090
7438
5518
7109
3539
5787
181
2885
2468
7751
6183
6707
6003
9053
6806
612
1510
3882
3025
7792
6168
6098
9540
6764
4778
9137
6567
2703
7119
1583
4667
4573
4433
8352
1506
203
6788
8311
3246
6864
6164
8563
6882
7865
5857
9868
2548
8362
1928
7843
3231
7657
6711
2426
3897
7211
5697
1470
683
4544
7571
1971
8996
5700
6209
2760
1877
1666
5696
8988
6639
7123
3238
9599
6616
9033
7077
1114
4954
9732
5633
5842
4337
6855
1246
3451
1867
4361
6954
604
6243
1088
4730
5706
1225
5192
3177
358
7670
438
6652
4307
8076
5223
1890
6689
2911
1000
5142
7331
5120
8318
4769
6677
7340
1724
4168
1827
4391
6998
8276
8664
7170
4309
299
3047
8779
6745
2623
1272
2802
316
6549
6078
5755
708
5902
5129
6920
9011
9870
6993
6852
8230
1969
1441
2322
5577
9178
363
6412
7366
994
2385
191
7670
3806
1320
3274
9162
1856
260
418
1464
9985
6565
2967
2342
1115
8258
8290
8503
4796
2190
3568
4857
3872
2508
59
4530
8421
5890
7892
8253
9201
7221
7
7858
8727
5802
3801
9668
3027
5415
7076
8463
1700
9779
9155
4452
2224
9613
8529
2949
2386
3488
9181
9475
1682
4116
6585
382
7785
3524
9909
1122
7746
4090
461
5968
7614
5751
2747
2462
4037
506
3580
4522
6299
8996
5959
8526
4807
6798
301
8961
6234
9736
3110
2624
5941
1472
2960
8262
419
1542
3358
1570
5397
7675
6156
5634
2600
5384
5346
8483
3153
2653
1796
4239
9388
8667
4858
3172
1270
2502
350
6363
3612
5738
6831
8422
2495
3517
1571
8898
2392
9720
6746
2057
8081
2673
8308
920
2409
6913
7441
5327
9352
1963
5401
6612
3587
2508
721
5056
3110
8883
3741
4803
7385
3684
7657
387
6795
5696
5442
8021
4448
8346
4979
4041
3776
7767
2209
1755
4563
4794
3952
2366
6944
3879
7107
4155
8216
9214
7215
3052
8143
3335
6802
231
5371
7331
1805
3847
1568
1750
7437
129
2996
4822
3073
2953
7278
2538
5635
3914
3501
7652
2930
3890
3779
2326
8708
7318
5762
1141
4105
9283
9972
7750
6488
8034
2598
5098
5787
7399
6889
4756
2132
3070
4607
3907
4524
1193
5823
3153
2006
3585
3843
6459
7966
9970
2551
5441
9953
95
4837
7933
2975
5576
9585
3602
270
5992
1390
5245
4770
9454
9027
9730
3822
1496
2283
8531
209
8556
1157
7956
6426
3495
4531
205
6192
1708
3916
6796
3192
6775
8296
2110
4330
3097
5451
5546
7346
2128
5899
2730
9132
6621
7046
2222
5546
8933
5360
2840
4947
5546
6985
4526
3643
5178
6041
7552
8411
9052
1254
9514
9286
1361
557
709
9801
4301
3229
4032
9423
5133
5196
764
5025
3940
2474
4611
6572
5648
9668
5785
3171
2405
8466
2197
9487
4224
297
3926
8021
1359
9366
8213
212
1513
3293
9654
3901
8719
4997
7403
2610
9697
3733
9463
1102
8917
3942
5442
4649
6386
8692
3158
6099
693
2098
8187
7739
3908
238
5697
6764
7202
6821
8616
4127
1790
6633
1724
4697
3698
6008
9930
5675
8282
8349
778
5906
4361
9969
3496
9864
6384
7350
7071
4972
7330
3960
4997
1251
7683
4883
7980
5025
6632
6028
8138
4837
8729
6977
6870
3496
6584
7102
5057
9426
8213
1189
7997
4827
6127
6286
8674
336
3014
2671
7381
5029
2872
2060
4432
3426
336
9226
9896
1029
8102
2427
5218
4128
7881
4348
2819
7605
534
5164
1709
4745
5270
639
8370
144
5209
5117
3247
6259
430
7464
3065
9695
153
8870
4401
9516
182
7318
3161
9885
7440
4906
6181
9331
7323
1192
5292
6214
904
2134
5291
3905
9024
5994
6364
62
3514
1747
7765
9442
3065
5606
4569
9486
7195
9875
7423
6746
4425
6363
4070
9940
8409
1298
9565
2765
6935
5718
9309
7536
3560
2615
5149
9314
4629
7828
2764
3597
9157
4135
2518
4584
7103
597
2070
8905
8186
6700
5780
7280
1130
8710
1134
6769
816
5186
277
246
451
672
5080
3043
2467
1097
5092
8868
5519
5719
7342
6387
7636
5621
407
7730
6728
7225
656
3144
3475
3031
9622
7196
4992
9835
2267
4442
7591
9935
5119
5529
8597
712
6012
7755
2093
9229
2069
441
5623
4913
472
138
5828
7226
5908
4147
7659
3344
4445
1968
2656
5978
3321
9343
6032
9696
3544
9968
7924
3233
7963
9621
6311
788
4540
8020
3838
4602
7273
416
6918
1903
307
2883
1856
3629
5859
1230
5470
3854
2199
5123
8190
2104
4862
7435
7670
6286
2015
8674
6486
7948
5089
7540
7909
6457
8982
9870
4515
3013
9028
6688
8155
2573
6980
4193
8621
6541
921
6355
2235
4291
9303
4283
1891
3898
6965
2618
3689
3843
6496
7828
9101
2244
4986
3397
1707
1722
9228
7011
3912
2792
9801
2372
9404
7176
8882
2101
3842
8146
2163
9111
2276
225
950
4539
3136
5295
100
779
4171
4838
5694
7786
1843
5824
241
781
667
1942
7502
3518
9362
8068
7257
6106
2639
1198
6536
8467
7391
549
9722
9159
3077
8394
8704
3116
9882
3065
1618
6742
3410
3065
8179
8981
7885
3734
5822
9417
9952
4690
7010
3378
5799
3740
7025
7136
4305
3215
3273
8917
1645
121
8177
7158
3216
8775
7028
4003
2371
3070
6996
3538
2861
3149
7455
3595
3399
7724
7946
9674
4129
3220
9527
6416
8668
6357
3656
9059
5261
3301
1077
667
436
4309
3355
9687
3292
3761
8239
5194
6140
3980
7022
7130
7940
2100
2869
3546
3607
1603
4124
9136
1443
1265
4601
9481
594
9947
3582
4713
6525
8322
8537
269
1853
9259
6376
6891
3117
5011
3838
531
4962
1041
3143
3452
1407
2198
8268
8421
256
5299
4006
9506
9390
1195
5885
1442
4365
4330
7831
7127
1604
7973
7696
8681
9212
9962
1739
5800
1984
6482
6491
1926
2555
2294
4372
2971
286
5871
594
1408
7067
1779
9811
3454
8034
4414
5105
7760
5570
1816
8742
8165
9139
776
1421
9100
5909
7297
1347
3526
7311
1973
3389
9672
1230
6862
6908
987
7925
1591
69
5339
6963
1098
7692
7848
9726
3557
7107
9166
4801
5404
9994
1343
7753
8237
3181
7606
3222
476
4582
1985
9317
137
2037
3391
9565
6541
6482
1992
4800
119
1344
342
588
4725
3061
9959
2480
2303
3829
4817
5308
3207
2701
6365
4086
9449
9146
8507
3800
7209
6935
7412
3454
6457
2864
605
4838
3739
5660
7075
2127
2504
7065
2539
3868
5814
4638
8465
3177
4517
2359
4664
324
3777
9693
7030
3497
2242
4365
8132
928
654
3401
977
6239
7575
4518
1118
7985
3919
4077
8249
4550
1393
4027
5780
5875
9334
206
4600
3064
9795
7395
3445
2283
171
6619
6828
8720
3910
4264
4797
9862
5395
6036
9555
9460
486
85
9862
2287
8693
2021
9286
7094
1696
3188
1698
5959
7773
8631
5564
4328
536
1901
7573
9681
6444
9873
4327
8962
245
2176
4159
4902
2966
9968
6504
5344
7323
2688
773
2674
3027
2389
2718
8286
4806
8978
2071
6153
3058
1594
286
1467
7650
7169
8194
2548
7419
3579
2319
4923
2009
961
9753
3648
3895
5303
4943
4947
1071
4764
5451
9526
1134
2241
82
365
1955
8896
7067
7920
3400
9771
4126
8090
1080
9226
3309
280
6012
2172
6747
1459
930
3077
8745
9211
528
9206
8359
8892
3748
7108
8970
3357
8298
1951
4524
3390
8399
3737
5928
6758
4631
1416
5417
3694
8151
4562
2543
5286
1988
9355
3963
3828
1391
1047
8871
8536
709
4904
9945
5348
9380
268
8106
297
9900
5877
78
5374
569
7140
1148
7995
2063
653
52
6637
7562
4685
285
8607
8811
7682
5795
3514
4759
5464
6981
4413
4905
9257
1805
5432
1974
1061
4577
5075
5547
3579
9082
1230
7722
5671
3589
2007
2992
7931
1811
863
4749
960
3019
6479
2686
4667
6488
2341
4306
5082
3500
1677
5640
9496
2627
1753
4950
97
5437
8024
9140
3289
7383
9088
4971
60
8886
9263
8078
5477
7024
4104
251
1431
2953
9721
5662
8968
5807
394
5599
7800
8672
6292
6144
2102
6942
3442
8288
5238
4019
7324
1936
1901
7060
702
7258
6394
6461
7887
5909
5314
5235
1508
1634
8479
36
5509
4731
1420
7371
3445
7637
8752
8222
8572
2734
5363
6362
1967
8096
7067
1769
1065
4667
2354
9936
4659
3280
8009
8264
8016
9210
8702
5029
9241
4327
8921
5616
7341
1553
1206
6771
5956
821
6018
3010
1904
6070
6849
8620
9659
4142
5225
3218
7765
768
5457
9903
8158
6524
7969
6703
940
6493
9342
9938
6375
9387
5791
4049
1162
2635
8789
5213
4622
4510
8125
296
4974
5955
7
7045
562
4508
1512
411
9403
266
9086
7185
6829
1710
657
3423
7003
2571
4362
1893
1605
8146
4173
7514
1056
3417
4623
1349
4677
6666
5007
4408
860
1567
1881
5558
4724
4623
639
1692
8397
2691
3800
4571
2221
3154
3997
3484
1497
6925
5139
5108
2808
982
3038
9345
521
7867
6610
1829
6544
9341
759
2361
4100
3573
2574
1756
7802
774
3656
357
6672
6482
7961
7543
5553
5303
8481
5293
5787
2051
3217
8152
4554
4965
6435
8130
8778
4706
5957
1503
4641
8875
1461
9919
9843
5677
3276
6020
6785
5606
777
8343
8174
9187
2211
9475
7782
1326
1161
4486
8805
8988
3196
2078
1042
5858
428
3216
4466
7927
1204
6169
3754
6428
8362
8057
2111
717
8182
2097
2833
1319
5502
7734
1648
3536
1605
6168
9812
399
6167
5969
2024
823
4031
1901
7219
2423
9746
8592
5919
1139
2264
808
2541
2791
8490
2705
739
6583
1748
1622
5920
6942
4848
8292
2080
228
8966
4417
8354
8931
7472
7907
7266
261
4325
784
9669
6255
2460
735
8929
2729
5281
9960
4236
8936
5349
3402
2514
5373
853
4989
9999
641
8620
819
664
1585
3028
833
897
4736
4516
5517
45
6803
8522
4149
3194
9218
3408
6136
8285
862
4463
2887
5483
2875
6948
7447
9645
1992
2794
1618
9291
8319
9577
467
9346
6360
5051
5887
584
822
9961
8449
214
4167
7094
702
4069
1791
4560
1119
4863
543
8136
34
4365
9634
4921
8443
5013
2495
1179
4201
8468
2986
9132
6258
1928
3616
832
8086
6243
8896
2805
355
7339
4976
7727
2377
8440
3826
682
8256
3384
7306
3500
1385
6592
4749
7127
2576
5330
2573
5471
3838
144
9098
6140
1863
1982
2685
1880
5222
7684
2920
1430
7139
5348
1594
197
6936
1678
3956
4324
3874
8012
9386
583
6714
3956
9043
4416
5585
949
5966
9201
8819
1663
7001
4654
79
6456
3196
9562
2936
3817
8316
1767
9718
7392
1084
9977
9010
5221
4850
9921
6477
8199
1293
9529
6373
8305
5646
7208
9795
520
5093
1414
4546
8780
1971
875
4722
5838
916
6671
6423
703
3223
2787
4340
1571
2473
7271
4130
5904
9590
3610
7301
9602
925
3400
905
2424
1769
4175
1983
3593
9022
9895
4930
5970
1026
8325
2624
7008
1513
3692
1723
2616
6102
3220
8593
6203
8490
5310
4164
7813
123
7627
4246
9176
7333
3416
678
3330
8682
8408
9635
2333
4281
3942
5533
2855
244
356
8557
8471
4981
5461
9291
7495
7351
6373
9492
7987
3854
8766
5212
3967
345
3313
1330
5990
6056
7698
1141
2830
7385
8792
7911
4374
9313
1752
4129
3355
3277
7178
629
5637
5590
5145
7122
1535
7735
9196
6674
4048
8129
8581
8266
2418
9146
9933
1785
4729
6917
7051
4293
503
6744
8029
8376
7116
368
2433
149
3726
8511
2106
6182
7165
4490
2667
2539
7732
4711
8385
567
3817
9507
5338
6317
3061
9446
1734
3273
4994
813
4377
779
9402
3945
5935
4163
9577
3863
3455
6909
2570
1491
6835
7496
2730
7550
767
987
7720
9496
65
8760
3910
3307
9453
4213
4188
4935
8434
9409
7781
1686
9926
7421
9542
2229
6983
4210
9264
893
2230
388
3434
9073
275
3665
7755
5527
1575
665
9165
2746
7961
7497
4331
2890
9870
8418
9371
9215
8512
2920
5321
3258
3032
5478
7683
8651
7200
6610
2402
6736
9613
125
9494
639
7493
3655
9102
4446
9265
7176
1759
375
4538
756
5456
9684
1915
660
2968
1385
3890
9544
6294
8433
6984
2793
2567
8211
9799
8298
2008
3300
7496
4052
2926
9275
5402
1570
2102
9842
6491
3726
8235
9400
9098
2206
5648
1436
520
2903
1875
2412
3533
5272
9323
5144
8629
2385
5842
2101
3722
4946
9717
8487
379
4138
8688
3940
8305
7841
7389
4739
4642
5532
7342
6095
2955
3248
374
1234
7233
5584
9737
2818
8840
9038
5279
6470
7814
3920
7175
7462
3852
3042
428
4556
7077
2565
3079
6383
8658
687
9909
7094
6710
2259
5309
6768
3114
42
2168
4440
5159
2692
7659
7549
2853
8843
6626
8352
8257
169
8329
2156
7982
9185
5970
1682
4056
8208
5408
9123
7486
1211
9252
7908
8897
2870
7974
9329
9989
507
7672
7080
539
7636
2552
9509
7258
2105
1656
2650
7808
9822
9261
406
8351
5670
2857
8613
4970
8128
1337
8858
6814
8962
1778
1422
9100
4940
5331
1843
4920
6600
1763
6375
7907
8931
4847
8104
2932
7476
7848
7341
563
1125
6774
7900
5561
2803
449
1013
1290
3651
5781
6229
2328
4397
4228
7329
5738
5769
5977
1059
2087
3368
2840
7344
3343
3357
92
6539
8326
8036
9696
4542
6784
3537
9454
6543
9150
4882
2490
7341
1143
8842
4777
3025
6393
8752
8695
8137
154
727
1085
1844
408
6049
1021
1136
2211
7301
7643
5937
8587
7523
7752
8328
105
4591
7662
4442
7901
2489
6649
5615
1834
2545
9240
8950
3499
9912
8651
3175
7336
6510
2958
6548
8669
6210
394
3869
9379
2891
4186
6476
7490
1737
1668
134
7223
4436
4524
9876
3355
1080
6181
15
3441
5299
7566
9968
3100
5853
1841
251
3462
3972
5476
6920
2769
7839
5178
7328
5789
9935
7897
1154
2540
7164
2194
5280
8080
4496
1213
7723
9557
2909
267
5645
2853
8174
1631
8654
8041
7345
4677
7354
2815
5132
2930
7867
3634
4282
1426
8808
3134
7520
2177
4617
4428
6269
2930
7317
6136
8441
6081
8364
9285
6365
9803
8487
1797
2483
6049
5027
1760
9779
5067
4538
7495
3764
7737
4055
5375
1347
4471
7504
5380
6238
6824
8861
9041
6424
2560
554
1730
2797
2864
7237
1183
7870
8464
9884
5971
420
698
6386
3296
6753
9128
3278
9309
9806
9399
7579
4374
5335
3002
3225
5760
3758
3048
9019
455
2883
4102
5985
1484
9648
4979
4610
2291
588
8872
2543
259
5481
5924
7718
300
8548
298
4726
2418
9093
7846
89
8262
3694
3063
7956
2609
1248
6112
5219
1494
194
7542
7831
1960
3207
2170
559
4512
2561
169
266
4115
4412
7548
349
6797
1598
5826
4883
4634
1366
3098
3576
8194
2324
7426
5196
1555
9453
8104
4791
5273
3420
1832
3203
3733
3436
1601
6849
4652
3729
5977
5269
6126
6698
6565
9424
3210
2353
3166
2412
5411
1317
3516
6361
7446
6126
8076
7497
7412
4867
8728
1691
4419
4684
5710
2481
3720
456
2269
6992
5316
8756
7928
5234
942
9523
7760
226
11
6267
6369
9587
9532
6213
5281
3500
5206
2874
7472
9822
2746
7949
6832
2424
5523
8013
921
3705
7299
516
4281
1794
7772
3777
6182
1664
4247
5514
127
4737
6255
3827
1538
1956
1375
6553
3489
2463
576
1032
228
9499
7663
1656
2530
3537
2448
338
3375
8982
6550
4335
7968
7964
8955
5544
3040
4209
5874
9754
1014
5516
2684
2546
5359
8547
630
476
738
8798
7523
8743
6785
2384
6847
3737
830
6363
6228
9819
8212
3962
2264
1522
7973
8219
9818
6875
466
2450
9420
2184
717
9440
896
77
167
8031
9157
7113
1793
8692
700
1881
1175
4986
7975
7080
2960
2383
6132
1407
4563
2271
2870
2954
9026
3705
6946
8256
6065
4890
3748
1911
1683
5956
9591
6901
1442
6096
7335
8925
2380
3918
743
4768
969
5993
5385
4769
7299
4396
2565
9648
7494
7920
7383
6487
9802
5869
8613
952
9628
4515
4667
8500
9427
9437
3648
7194
7609
6327
1897
160
9988
9996
7873
227
4008
9969
4205
6029
3784
4405
4082
7840
324
8951
4100
4428
5711
3424
7950
8904
8336
7080
1571
8321
4498
1131
6860
6892
6584
1833
6266
2107
834
5975
1966
7412
8805
4337
570
1183
8699
3315
2607
5983
7756
4414
7866
3601
7970
4188
5419
1926
3344
3516
362
786
5804
1157
1460
2519
8086
4765
6430
3964
9480
1694
2676
1567
2331
7494
4898
5071
5900
4672
4361
1000
445
7295
807
5534
518
7084
3415
3053
6597
2395
2188
7475
3
6667
6243
7711
3356
4208
6271
1748
7170
8677
1829
8248
1524
6085
7544
6721
3986
7831
3674
6546
5001
1533
6454
2805
4061
9312
3718
2902
8607
8567
4015
9594
9907
7422
1783
3048
777
7411
7888
6124
8797
4515
7504
6354
8564
1974
2170
5850
9280
5245
3910
4073
5172
7283
3971
5739
7373
7728
7640
6605
5944
2262
4620
1203
8723
7512
6281
6993
1739
8792
6389
1712
6254
5806
1211
1096
8007
2439
2612
4652
9328
9862
6279
7791
1656
17
6729
3273
3733
8223
3537
8398
7856
4354
4107
2668
9120
6647
3906
2741
8424
2361
2968
7916
593
3387
9707
894
492
1884
9565
8605
2908
1921
6283
5896
2045
9326
9015
1994
5305
3167
9475
9613
3314
3157
7103
4810
4921
8329
4314
626
3746
8155
1128
8166
6335
7124
8381
2017
244
1891
3931
2078
5959
8772
6975
8907
4911
6929
7426
8448
6282
6979
752
4623
785
4892
7118
5511
7103
638
8249
7398
2628
9699
8940
5378
843
7446
2615
9818
6217
8203
5064
416
1276
9797
2811
2951
4658
6803
8414
5546
1602
3781
2873
9049
5451
9292
3188
4619
5053
2018
47
1189
9961
4657
3383
3611
492
6895
1088
537
9138
5364
5788
7811
1791
7775
5680
5260
379
7611
9091
810
548
4874
1402
6844
8240
8554
2608
7689
2597
3809
3159
4661
7169
1172
605
4763
9064
290
1890
8278
3036
7256
9427
9155
1540
3577
9776
1317
2192
8612
2117
5473
5427
7145
7283
6308
5913
190
38
9868
814
1759
8149
4789
6828
7313
4154
9456
4173
1484
9737
268
5573
5695
5595
1449
6154
1618
1734
4992
3720
3166
9752
8029
8583
2373
6809
2405
5177
6839
7890
66
5194
736
6025
2778
4128
533
5774
9440
139
4907
1041
4014
7278
435
7343
7359
1265
3038
1473
702
1393
8397
2892
3890
8001
4400
9610
9905
5170
1254
4051
6290
744
9389
4756
8665
7884
7873
8400
1903
4674
5573
2839
8564
7026
3838
7762
4738
2037
3974
3320
1701
7262
2784
5336
7658
2541
4953
2099
1737
4821
7349
1309
2943
7975
4043
8035
1115
5047
8542
5887
5001
3428
914
294
7514
5048
2699
3246
9071
5298
6756
7776
1460
5149
26
4255
1355
351
8900
2301
2126
335
9366
9992
8564
5325
874
3184
6395
3048
9134
9080
5601
3799
1708
1638
8526
8153
4621
7355
1674
2674
3496
9268
8554
9982
3373
3721
4030
6035
9419
4315
9519
3691
192
4586
6686
1603
3217
6291
8099
3243
5811
859
2223
6029
9154
2641
6171
7562
3435
1205
1916
2029
6222
9021
3120
6984
9414
8332
4313
5394
9838
3629
9710
4263
1844
6380
4387
9725
4430
2615
5292
5737
4866
8039
4277
5359
5773
5463
9155
7748
7358
2103
2294
5848
7308
4613
3043
8054
8169
6076
9631
5033
8835
6919
7275
7257
9307
9841
8964
2661
9873
8791
4613
1240
9238
4123
3991
5575
9829
2165
6025
3032
4828
2909
5133
7889
5051
2143
7549
9552
7015
4233
7179
346
5009
4093
2435
5628
985
9955
8833
3748
4409
6344
4504
2257
7413
7027
2263
4274
5253
9244
5998
6302
776
4337
6730
9756
29
7582
6302
4027
1774
8542
7655
5069
2587
8419
7267
2179
8108
8226
65
2323
3809
3640
8579
4943
3739
9525
4360
7147
6732
7116
1329
10
3636
2223
9016
7379
4278
3204
843
3432
7326
3691
7810
2910
1003
5328
9638
4012
6812
6011
5735
2160
981
7741
8217
5558
8762
9459
3873
5180
586
6187
6648
1128
8121
411
464
2735
9381
7652
5630
9639
1040
2065
5125
3662
4613
8005
9267
750
263
2449
228
5944
6133
8117
3313
3202
8883
7074
3967
2306
3352
9461
7229
7118
4380
3060
7929
5765
6174
6635
2353
3397
7421
6620
5402
6073
973
3252
2064
9933
5350
4107
8302
8930
8392
7337
4524
4458
8798
4137
9459
7057
7240
5430
1323
2098
6450
3333
8599
3775
2177
8334
633
4820
1458
1866
1781
1087
7822
3825
9404
2069
4197
6807
9946
7872
889
110
930
8451
8423
5216
4526
4581
3568
2529
1131
8727
6299
7107
682
1212
5301
5948
6020
2633
3850
410
8203
833
5695
9153
809
9371
5435
7502
705
457
5607
929
9459
7432
9734
4547
5421
758
3538
8176
7753
8045
1664
1887
1846
5299
3291
8201
4266
9740
4294
187
7534
8335
3508
8359
9476
3465
9089
1331
1060
6983
9183
7046
2949
9306
4321
3111
8753
5970
3597
3992
1672
4345
8232
1079
975
1105
936
6531
3743
5692
9362
6273
4890
3762
5196
4716
7892
20
4148
7113
2964
4825
9066
1440
8666
8450
8963
1479
8116
9464
734
8299
5936
3111
1334
7511
1575
8397
4339
6987
3151
2230
7909
4778
7740
7673
7962
7827
7620
7044
1796
1068
5043
112
8400
2774
1997
5225
2906
265
1364
706
8000
8924
8171
1828
7569
406
1073
9520
383
4455
8152
8959
3592
1208
8212
9756
8576
3298
5249
1026
7633
1955
7863
854
3301
6441
2688
8626
7113
9404
8206
3384
2835
6458
3490
4665
339
3669
4149
8490
4972
8424
683
3087
5565
6740
4861
4805
205
3085
9472
1838
5368
6722
2223
994
5395
8510
5064
5410
722
7765
235
4702
498
4870
6126
4672
4398
5336
7805
5948
78
8515
647
6517
4931
627
2518
5455
2182
1171
2099
3245
6197
1955
404
7662
7395
5069
9015
7719
4405
7464
9358
7418
8149
6510
4109
6518
8695
5197
479
3024
6988
7022
6212
7198
6532
4139
4464
6966
118
7197
1021
6539
1459
8907
8444
8549
6228
2227
2290
6668
7712
4595
608
4364
5198
1581
4284
2760
3027
2838
4502
3758
9370
6520
8094
1406
9594
3646
6856
8343
3074
4268
2548
2084
474
2037
1204
5033
5718
9549
4862
8774
2923
2734
3708
8275
3833
2989
3688
7091
1574
7712
1475
4204
8981
9499
8264
7581
1901
7261
6534
2463
8377
6643
8205
3025
3917
8154
6683
4051
3212
3744
7034
4335
1131
1635
8299
9394
974
3726
3512
3649
7409
6561