6895
140
3112
8795
4891
6717
6310
4821
9480
2803
1116
7768
5926
1332
4852
3934
185
5190
7985
8860
1585
8428
6918
5917
2716
7616
2019
8943
1390
1857
7210
4820
2642
8096
4098
1637
451
8339
5695
1980
4345
9339
116
3183
7055
3511
1871
2560
7590
1954
7227
2931
7866
660
7719
6938
6642
8387
8751
4432
6431
545
4432
6390
1622
795
9173
1122
3056
1760
9701
7127
8249
7239
1794
6389
5416
6904
2088
5176
3700
7362
2623
7029
8184
3432
1782
681
947
2712
7432
7794
1325
7062
5787
2690
7247
9968
6742
1088
2811
7015
9525
6426
6932
9353
4017
8214
2315
9522
6271
470
854
1066
6674
8318
4743
4116
6431
787
8456
533
3428
6603
2970
2931
9830
582
8405
1564
1949
4054
8331
8164
7102
4033
3368
5266
1117
7466
1112
5333
6891
4027
8619
7727
3668
8075
2314
3897
6556
7107
4067
2305
334
2238
2677
1687
467
9532
725
3261
8407
6980
9501
3494
4613
7056
1782
2175
2520
6645
2274
7275
4663
2730
2289
1677
24
3488
8959
1657
4140
8915
4732
5990
8084
5619
5795
2548
8593
1948
1967
9377
3178
6250
6514
3372
5556
1651
6243
1466
1395
1328
4126
6518
5169
2973
1072
3387
853
9561
2430
8867
7420
7851
4702
4450
955
5774
9378
7224
9392
1761
9671
1977
9667
9932
9538
7311
2034
7202
3627
9509
3388
755
6208
8046
3926
1334
7412
591
9990
9
1908
832
6819
1727
7881
5935
671
6767
7994
4018
9833
9977
2420
3338
7421
160
9751
9493
9813
2414
2729
5309
4552
7683
5773
6190
7015
2786
9734
134
5679
1892
2449
2320
9362
6307
6667
4283
5904
3101
353
5743
7085
8662
6492
3934
3048
2719
2347
5997
3894
7675
5550
6188
7447
8846
4734
7630
3649
3123
5068
6546
582
1240
3808
6082
9409
4916
3639
3313
6859
3920
8716
6312
291
3071
1104
94
6115
8482
2278
6838
8222
8098
9124
1955
8512
669
6232
2100
1741
4385
8114
4518
5132
8994
4289
8662
800
7145
188
1016
1307
3292
29
6403
2293
7994
789
7258
1535
5423
8709
1983
7758
1148
911
4524
7312
5352
1385
1343
4681
3477
166
9304
1650
3745
9774
8395
6006
2685
9452
9545
9861
7078
6101
1257
5393
6061
6040
8556
9745
6272
1186
8351
358
5767
3768
6326
1293
5407
7201
1737
1579
6081
1840
9972
8744
278
1735
1111
2225
4619
5432
3530
6178
9705
5747
5068
7302
6307
193
870
8899
547
4448
5699
2696
7415
8886
4690
214
7613
2592
2520
9882
214
3872
4646
562
7962
5472
1308
9102
2990
4503
9480
765
5609
7422
4347
2320
7155
2967
399
3539
3817
3627
6886
9441
4345
2566
3780
3909
4736
1951
5820
418
6094
942
6782
7024
5289
7971
4806
3907
7754
5779
3867
7331
1142
8697
350
2665
7328
1406
8457
9905
9593
3406
2224
2178
809
8901
9773
5213
4887
9872
7615
7066
3461
5469
5423
4891
8303
1029
2725
1293
1470
2905
4284
4895
6041
9994
8879
3519
2137
2279
8810
8153
3341
5569
1257
4374
3723
2447
6600
2734
1246
7955
1068
5883
5750
4144
4748
5552
2813
9189
37
7015
6020
7783
258
3326
9285
962
6364
9174
8905
5371
4379
4910
2159
2301
3002
8174
5762
5091
4786
8177
9779
5926
1136
7437
4837
6898
3579
8475
5388
3224
991
8522
600
6657
9729
4646
8694
7020
1426
87
7002
3567
7772
7043
2576
432
7896
8389
4770
3982
487
8399
5516
6383
402
2920
2937
4981
8744
197
9155
6578
9447
4037
4022
4735
9044
2597
470
96
3177
3134
6941
2323
2797
2111
3071
6958
813
131
9602
6631
9538
3304
5401
6766
1394
3947
7705
3543
6904
4177
1382
4087
5027
4276
2307
3438
2719
8421
2714
8251
7062
3119
3308
3134
3033
2375
2057
1719
4341
5918
8433
6568
7442
5846
934
12
528
3027
7049
2107
3732
884
2422
7085
8484
7878
5362
5718
7923
6706
9183
329
9210
4825
7806
7446
1842
89
1846
2264
3327
2103
4674
7453
2049
1297
5501
5384
6669
915
4213
6518
2521
3936
7912
6511
4053
2107
4578
4340
2647
6411
9318
8079
7536
3660
1616
6045
8076
7623
8676
8768
9100
3744
1184
7080
9872
7295
4879
1752
7467
3850
7774
3752
5233
1576
1504
2396
6904
9124
853
652
2465
4384
7332
6372
8830
9277
6992
6668
2594
8347
3850
9525
397
762
7974
2896
1620
7455
4100
1821
4871
2848
5092
193
6909
6360
1810
9179
6715
2618
7959
4298
5736
579
7602
2697
9630
6262
3062
8875
2339
565
766
1657
6774
5101
9770
7692
1291
6619
2259
4161
9528
8624
6311
3362
4054
5404
7283
3617
8796
6906
8193
6975
3868
312
7652
5333
1970
6676
864
1027
2483
4461
4423
9969
1507
8244
4527
4594
5512
6058
7428
7217
9181
4066
5231
5185
4401
894
927
2133
8428
3569
334
5062
2196
3721
5385
7629
4575
4175
5404
4997
440
4375
1884
7132
2326
7658
4361
6436
7599
2562
4807
3185
3166
3740
6821
9414
8241
3071
1240
1900
1445
8371
4851
9867
4270
1361
9305
6393
3847
9607
688
7261
1888
9859
2929
3707
7995
4058
8476
6270
5077
6986
7268
8633
9774
7614
5339
8158
1927
8172
2006
3690
3577
6054
851
8655
5016
2215
4570
6461
912
9047
367
5627
9241
2359
6095
7834
7339
1254
9147
9940
1651
7747
3701
916
1492
1159
2396
1967
9540
6138
7175
4723
9050
6638
2090
3314
3593
5138
4930
9591
2560
6189
4358
3747
1081
7083
5403
9642
9978
3425
1011
2297
8462
9457
9795
979
9017
5537
4336
124
7296
5296
9063
2673
2719
2310
4365
3965
6521
6002
2379
4568
3783
1231
2856
4190
8296
4086
4583
489
6488
3849
540
756
4504
1381
3333
6310
4724
5103
1039
4958
3425
5601
4954
7342
6134
3015
4529
1632
915
2407
5141
3102
5883
2022
4400
5025
9381
1131
1835
8636
8590
9824
5420
6533
6108
6972
1154
27
176
9406
6608
9406
2832
2628
9362
3595
7339
7481
8596
5515
5083
4325
5275
3368
4103
2261
1218
7291
8722
8298
21
2544
8142
7881
524
4765
9291
8968
750
900
9179
317
6855
5673
703
430
9892
5437
7076
9953
6867
7964
6646
8034
9068
8719
5801
9946
6878
182
4200
6549
7522
8305
2326
809
2727
9116
4573
1834
807
6996
6212
6990
5940
7012
5175
7768
5054
1548
4459
4265
2273
5201
773
5404
6983
3117
2032
8040
7499
5533
5961
685
3539
378
4827
5583
4980
3665
3613
7194
4799
7385
9412
8062
2043
6069
713
8400
4659
4769
6415
9572
6356
9462
6791
7041
6110
1688
7197
7771
9299
509
6910
6021
499
4798
1107
3984
4039
3236
1392
795
5664
8713
694
4329
2035
4466
8764
1055
1937
9281
2811
8113
6754
975
493
7896
3591
6881
2697
8580
4583
5762
4872
5957
2946
344
5038
3314
1060
43
1180
8911
9028
5666
3167
4195
9627
4061
1545
9434
7466
6805
8639
280
2137
6220
8265
9657
1843
8956
788
3861
3508
1459
5226
1257
4699
6184
9546
3723
6961
7201
2987
3220
5138
3012
4676
3036
9090
9285
808
9688
6560
2989
6694
2387
8930
9614
1173
8194
5352
6004
4846
1068
3701
3438
3021
7181
1818
7454
9943
3358
2031
9333
2395
9425
5128
8648
9291
4461
1710
7461
2569
5641
718
3375
1863
5729
4485
6468
8082
3143
5962
1643
9984
7294
9934
161
1075
8304
6807
3522
3219
2512
3253
7151
7975
7363
5197
4209
1799
4837
7040
3774
7466
2849
3736
5019
425
6523
2166
741
1110
6276
1365
621
1651
4770
6417
7047
8999
8710
4604
219
5503
1207
8863
7959
3190
331
3463
7035
5275
792
3773
517
4556
2899
7769
3044
2557
1621
1433
5981
4936
9797
3713
1644
4643
3969
6688
6075
8569
7071
5288
7412
3043
9252
2910
1888
3748
1550
6482
2492
4693
896
9503
3351
4641
7880
2372
1376
4570
3086
6094
8276
8129
4700
950
5497
9314
3466
9397
5820
160
7148
1371
8821
3529
4480
486
6152
2035
8560
6483
1091
9265
3122
7866
1941
8263
9189
5440
3956
1595
8437
6496
5178
2026
4240
7372
11
1361
4155
6317
2699
1367
1715
6838
2909
3892
953
5725
144
4879
9646
2004
5036
4876
7699
5984
1702
944
6326
7157
3590
5244
1185
8818
9705
3022
6284
4294
2956
8195
8609
6354
9014
9711
3496
6872
4206
1789
1584
2203
8970
6553
3819
2787
2473
8647
6159
6682
4374
8584
6615
3104
1086
5890
4486
8307
8586
9795
3019
1967
5749
8026
2640
5742
1384
432
2028
3538
4300
2951
1610
4544
7246
5394
6142
7059
4277
8254
4061
8295
275
866
1688
2234
2928
9082
8681
3055
8940
308
4787
4893
2801
6133
6579
4750
4596
5830
2806
3958
3984
1887
174
2358
822
4777
777
2710
5344
3021
2886
3772
4559
4129
3670
5097
49
2570
1146
3505
7451
362
4178
3519
2296
5199
7927
4732
738
2724
5125
9795
6056
380
3896
5723
9848
8867
4720
283
8698
9527
7835
7351
5971
6943
9459
42
809
8812
2979
3174
1814
4961
9602
7182
9950
4748
7550
9192
1240
4437
46
5798
6293
9297
6078
571
2603
1954
6954
8660
1324
9677
9120
5105
3146
1477
1782
8205
9295
9137
3135
456
2300
8371
7541
3313
112
1307
2878
3655
6934
9866
9703
473
7049
1313
622
5318
8949
8725
5752
4327
6733
309
9762
7109
8002
8958
3350
5595
6062
6231
7778
8273
8015
6494
5757
8126
9014
2122
2110
4315
3221
1936
9876
5404
9985
6020
9735
51
361
2493
8471
1114
8558
6397
9042
2520
4324
6236
3933
1468
7917
3243
3394
8007
6774
4762
400
1161
3710
5004
5547
9025
8297
2497
5144
5861
7046
1958
8037
5123
4997
7962
2840
559
8740
9
2810
9969
9151
5062
1657
8731
7704
6543
9455
8057
4040
5488
2281
2028
4906
8170
3550
4735
6673
752
8240
2771
2825
7921
6907
1357
7090
2647
8478
9886
8680
6365
9018
8131
6186
5354
6333
627
8363
2308
4586
8304
1486
3364
9918
806
8899
7860
3446
59
3494
129
6381
427
1313
3997
8419
2017
1969
5318
6690
7614
7454
9951
522
1379
1215
514
3403
7337
7606
7283
7176
6133
3390
4337
7219
8929
3370
6878
7245
9411
6649
4812
2067
511
1831
8039
3866
4790
6550
3653
4312
9719
6178
1207
5578
3792
9514
3493
9836
6779
8956
3178
6774
6887
8385
8844
6331
2698
993
911
5697
5985
1836
5737
1850
1141
8130
4896
585
9260
6428
9288
5068
9356
4191
2468
7939
3746
902
322
4884
3224
2387
2186
7372
8915
4674
5195
1585
4394
751
5556
2966
6841
6770
5498
2552
3631
722
7918
2308
3751
6019
8925
1214
7848
7831
9970
5585
6740
9958
4383
5352
3848
8044
1934
6257
275
3189
8917
320
4978
6398
8533
5261
4418
5852
8907
996
3263
8803
8543
569
5805
9952
8008
2827
9047
2376
4309
9649
6780
2736
2927
1066
4386
559
6508
4803
7756
1150
7853
3324
593
8603
2229
8455
6225
4909
2830
8515
5129
852
9324
3111
3290
8839
7886
1455
8208
7593
611
1774
8698
6539
9229
7510
1102
7700
3795
2512
827
6492
7028
1069
4887
1893
5780
6559
8786
7784
7688
316
186
5263
7316
5839
2940
8706
520
6197
9304
8618
7521
2801
7844
6197
1589
8207
3782
8655
377
8499
3723
3071
6664
8350
7543
8874
9008
4669
156
3126
9788
9615
3913
4492
5279
4683
3032
2094
8348
1649
4365
7568
8238
6313
2708
2249
8180
1941
3626
133
5872
4589
9967
6000
9049
7359
6136
3996
5519
1457
788
6101
9413
3280
4654
7275
7661
2107
2928
5804
7732
7317
144
3499
3161
7537
8695
1765
4145
9010
1535
2952
4231
4785
3931
2574
2480
8725
5952
6542
1841
2412
3155
2809
8596
3235
5123
2445
6710
7394
1759
74
4020
4820
2078
3197
8678
9692
6855
2798
8830
6331
4823
9479
8978
9558
9113
9393
3737
5875
8163
4122
1618
5857
6259
2913
6523
2070
5994
5301
6070
9133
3297
1446
3996
2808
6155
767
8513
186
801
6173
2332
7180
5930
5245
7906
2344
3158
5314
3310
2175
1138
6730
7058
7399
422
6969
434
9155
5266
3475
6583
9315
8241
6448
6586
8568
5581
7596
5957
8320
5704
5627
8132
5333
9092
6916
3053
6150
1514
5887
3288
8578
2224
5933
5563
7878
2889
7385
6202
3394
7823
5988
9341
5985
6336
4894
3440
9538
2178
8210
3019
2431
266
7330
8047
2350
7410
7667
1125
7170
6779
9032
1863
4344
3889
5217
271
6833
2673
6424
2624
5204
4992
8013
1725
4725
2875
2778
5581
7971
6000
8174
9805
7809
1597
3516
2990
5013
5241
9954
2924
6629
3898
5448
9716
6647
3867
1898
260
1075
9050
2662
4049
1914
4117
7037
724
3168
6698
3641
5027
8414
3148
8161
9308
6034
3068
8570
8652
7164
3321
1955
6871
764
1963
7529
2758
8082
1595
4178
7847
7853
6886
3396
1966
6419
9838
611
8228
2017
5423
1697
290
9549
7728
4887
2546
2445
7040
9413
1047
9874
4834
6047
5930
1673
8297
6958
6738
6137
8648
8383
3329
5942
3428
4694
5428
4464
1007
9092
5736
4054
1145
2902
3786
6415
4683
1677
6396
1007
7477
4464
8988
5130
9689
7129
9586
6109
2424
4496
2673
1821
8159
3060
2896
3643
7459
9395
9553
453
807
7538
7
4019
366
930
8176
7069
2911
4486
922
9430
3120
4979
5887
2369
9038
5811
9603
7539
8004
8911
5349
2354
3411
2243
5148
5968
6091
5646
2723
2852
7480
611
5615
4681
7378
2425
3000
6582
2242
6101
7658
9017
4981
7771
6025
6899
7811
9166
6853
6361
675
5735
6154
7949
9960
6609
1910
9012
8912
9642
892
6659
1667
4765
4670
9262
1482
4142
7516
8250
8275
9008
5044
3299
7597
8668
1597
1022
6570
1552
5230
2937
6060
3016
5138
6853
5624
4480
2932
7412
1444
775
8660
533
6736
9229
4387
3151
5971
2697
7831
6609
7843
9146
6088
7829
1889
3005
6667
5368
7736
903
2076
6746
1590
6244
9176
8252
4124
8273
1604
1434
4249
2501
9270
3799
1399
7868
4839
6672
7606
6589
123
700
524
1650
2259
5311
3968
7851
7646
4225
2788
9657
193
5752
3975
5831
3532
198
7649
7150
2585
588
8849
8853
9158
6481
2134
5772
3605
7950
2991
2966
722
4455
6235
8028
8744
4900
2618
7503
7115
1821
2355
1600
6922
5952
9092
5049
1682
624
6685
8037
2932
5227
9327
1118
7079
9271
5398
296
7813
2029
2317
4635
4471
256
5358
2726
1615
8317
7409
8485
3197
8366
9335
8716
4595
6692
9555
3184
4176
3373
3546
5055
2090
5735
9341
7981
3893
5892
6279
1996
2951
794
6791
7045
8625
2189
9087
428
1820
1622
8219
1378
9552
4746
6031
4274
4989
4191
6755
4394
9013
7714
667
5844
8479
8595
9177
2215
5820
4322
1040
9035
3954
4152
647
1222
1850
2787
4792
6671
4946
1456
4987
6256
5926
651
3409
2887
1657
4161
3079
1305
7031
6823
6568
6241
8619
7461
6815
4283
5892
509
2458
256
8764
6848
6355
2453
5548
9672
7435
1869
8072
7026
7548
7769
294
5845
9546
3675
5028
365
105
7565
3543
3006
9338
6455
8981
5090
9797
5893
7133
5289
2668
3515
2173
849
8107
1513
4103
9665
394
791
9444
7561
7721
7460
9462
686
8840
7025
6073
2606
4557
7982
2421
209
5273
3623
5972
4309
4167
3777
4353
6571
6465
9245
5545
8188
4762
5824
2854
6085
9508
42
2317
1595
7443
5491
6013
2589
3204
9152
5469
1014
8948
4990
6830
3972
2652
8145
6507
7435
8096
201
6564
4563
9396
3431
5446
2343
7577
5419
1676
878
5795
5384
7704
8373
7934
6848
3774
1358
3654
7126
3559
3473
7483
2180
3219
6858
3948
1886
1589
5544
5518
857
6116
7309
2466
7284
1038
633
1841
4640
3526
1422
5711
406
8073
7573
1160
5170
7331
371
9159
6931
3639
3066
5576
21
1956
3922
5499
2769
595
7926
3772
4830
3748
606
8587
1113
9062
3890
2073
8214
4787
7329
489
7159
1883
7468
6265
506
7669
7694
6239
6011
2179
2658
2082
8471
5023
5859
1239
417
3472
5357
3615
1836
931
1162
3415
5359
6260
5610
8979
7195
7120
9372
2546
7004
7801
8988
9700
7518
5847
6280
8083
2977
2844
8545
2037
7040
6326
431
2909
7819
2104
3426
2551
2585
3759
4937
6129
238
9861
7108
2135
327
9978
6158
2600
7521
4379
862
5041
9869
2382
8221
1166
9906
5430
7683
7848
9505
5061
777
3420
5682
3582
8846
1622
8807
2012
9360
448
7631
2408
4525
529
1772
9032
5321
284
6030
376
5937
8380
7005
7582
1163
9585
5252
4016
3681
6704
519
8349
8599
985
3454
8583
8057
439
6718
2860
1361
7855
7897
9793
1887
4779
1621
7478
9923
9798
6369
6438
6320
9290
8924
4598
1501
5549
3718
2321
156
8937
4938
3680
6869
317
3382
7823
1212
5480
1476
5760
8942
7680
7724
5694
8568
378
9966
5279
2699
7382
6181
8465
7892
111
260
8203
4754
5703
1467
53
2267
7580
4589
5298
1533
3136
3350
5634
2247
6150
1362
5311
2264
8473
2956
2802
3497
5156
6936
8079
1223
1721
1479
2436
6491
2685
3123
4069
8716
7716
1176
8232
8004
205
2756
8585
2751
3881
1203
2407
8126
2431
3209
153
7561
3317
8176
9398
9159
2964
5539
1232
9505
6599
6412
2261
3614
514
2864
6225
2593
5783
6954
2734
6234
1982
9346
9353
9909
1716
5811
6961
7606
4214
466
5610
1483
5124
4795
9712
3016
5873
4862
282
7723
9970
7543
8978
6017
5109
6666
5018
6334
8492
412
1569
2351
3616
6687
3265
1606
394
2275
4073
3436
2211
3230
9648
4570
8071
5185
8318
9300
6667
8813
9422
6482
1872
2934
9726
7530
1685
2155
3348
9985
1773
1405
2150
1876
5978
7042
469
3658
2142
2135
7061
3769
5506
3398
9249
9672
8248
2273
8072
5100
2226
659
362
9301
6335
4377
3125
2656
2582
3455
8008
6985
6089
5274
9312
6819
6475
8277
9950
5449
8547
8522
780
8360
897
7505
6547
8288
4246
8210
255
3339
9035
6255
2311
8568
7130
452
4355
9373
3867
3231
7970
2046
1383
2769
2356
2036
8367
1877
4175
4921
3684
7138
4267
293
8277
159
133
302
4587
3210
4876
1852
2734
8273
3875
6170
7317
6954
899
6078
1528
3797
2973
6141
9352
3014
1272
6395
7287
1480
7222
8277
6743
3750
907
7595
3230
526
3548
2017
1391
6642
706
6647
6620
3179
1634
744
6268
6905
5661
7784
985
598
8032
7727
7735
6025
6377
3441
6627
6615
375
4076
2378
5443
7487
1526
4888
6943
1990
5743
5436
7632
7767
6166
4408
3302
8499
9690
482
5150
9521
9569
650
4160
3018
2568
5056
2816
6335
139
3068
1441
2151
6272
4597
1686
1706
6556
3805
2967
230
4982
7730
3243
2941
633
4950
1523
5579
6720
7259
8439
3813
970
47
7680
9197
2282
6841
4777
2583
8856
7673
7511
9134
4041
3381
3226
8624
3646
6580
8056
1001
2892
4688
9621
9023
5501
655
9151
4897
1162
1651
4639
4970
1138
2328
7082
7208
4163
4581
3298
4597
5513
1422
6349
7757
6160
4197
8992
7093
918
9932
7839
9824
7502
4247
9884
3806
653
1402
8370
2648
1015
2508
313
5443
9430
9413
7610
1734
3810
7596
230
6929
1284
7479
3438
5276
3546
3906
1370
2203
8960
9644
4706
4051
1917
937
6608
8473
7544
3567
6951
8579
9410
4363
9888
7320
7853
6181
5384
1223
7279
5598
1516
6438
3937
1606
7754
289
5054
418
3039
4748
6889
1586
9749
4848
9922
495
9288
5347
5106
3330
5218
2032
6597
9766
9554
7415
7202
9757
2980
271
2719
1183
8869
7383
3494
501
3411
5412
2188
2197
8563
5831
4895
8042
3234
963
1134
6045
619
1679
3920
1752
2459
2689
8112
1618
2810
3748
6461
9434
2446
6303
3229
9908
4887
6000
7991
4694
9898
6567
2033
8166
7720
8608
2272
6032
3870
7518
5957
9102
7126
849
5379
8254
4873
2349
6131
563
1060
7533
6201
4547
6272
4095
7624
807
1988
1996
1766
1109
6495
2722
6754
7183
1809
8931
7356
424
79
4129
1315
4648
9254
6686
9519
3663
1217
5278
7098
9395
2071
2280
7522
5559
9484
295
6003
4686
2049
9578
3697
3574
6430
4601
7537
9330
507
573
3424
3825
4233
6220
1933
3453
4723
4057
8907
3507
6347
2916
8554
5455
1495
8327
9732
9324
2780
3638
7245
9472
4202
1137
5577
8597
4107
3071
4431
6809
1601
4154
3783
3323
7094
6917
4018
5373
9328
1554
4830
239
670
4644
7931
4213
7442
6118
5551
8159
1100
3471
4959
3985
2339
1369
5604
6106
7112
9544
6284
5549
6679
2152
5455
4525
6626
3797
7870
7890
4669
819
6986
6704
3501
4530
487
296
3652
8568
4523
6729
7346
125
8798
8789
4332
987
6067
3353
4646
3494
4110
8221
614
6116
8360
6543
5802
8050
4575
8555
3328
6340
672
177
2277
4202
7489
7471
732
2693
1413
2196
9512
8038
8406
2690
8617
1034
4644
1154
4772
7385
9734
8039
2299
9196
6877
2202
8762
1846
276
9448
5628
9366
311
8264
478
5573
4691
2209
310
2663
1035
3901
2559
2015
5063
6641
6084
2287
4206
3008
5569
4228
5399
311
3797
2210
4940
3166
5808
9007
5261
8384
4048
5629
1969
5757
881
6183
6870
9261
2581
7339
6535
7261
6062
2347
8258
8873
1819
2486
6344
4966
1683
9263
4742
3228
6615
5937
7399
942
6591
8167
8649
8599
8492
8540
5179
3537
3658
7777
7259
8432
8086
2823
8358
5464
5708
6720
5353
2015
2
4118
8731
8300
4499
1701
1194
5930
3151
6877
4870
5149
9714
3175
554
2836
1457
8314
7001
2734
7298
762
5198
2693
8007
3579
2872
7070
1378
283
1804
1610
1362
9846
5866
5636
5952
5722
7079
9249
3127
8035
8349
1671
8027
3413
1935
1122
183
4556
9158
6506
5488
3124
9208
1364
6837
3250
4370
3475
1237
695
5513
8615
9721
6785
3556
3261
6688
7615
3196
6672
5705
9670
9471
9624
3967
4074
8212
4302
1866
2469
9174
284
9665
9543
7376
1050
7290
2023
7273
7034
3858
2670
6803
9217
929
199
2952
2243
209
4711
1579
5631
5708
3043
7491
3211
1355
9346
4162
1439
1270
5834
3056
4056
8963
3132
163
6066
1517
9787
8070
254
7952
9149
4650
8056
837
395
3133
1382
1756
9037
3532
3808
2984
5965
5858
3386
7589
9218
4431
904
6399
3688
4260
9507
7483
6266
2611
9320
1383
7039
9588
1791
4262
5015
5755
6774
3501
4320
6398
9679
587
4937
9910
9156
865
9223
1186
6983
6688
845
7255
9529
4650
9164
7568
7332
7458
557
3405
3820
4743
841
8422
4915
2462
3232
6739
2529
5540
3896
3149
282
5671
8874
6523
2469
6069
3114
4982
3441
9020
3127
3829
3353
9653
9590
2827
7736
946
8361
9177
1105
1907
4121
6085
8139
7584
1998
2962
3107
1545
2815
2663
8885
2612
6425
8594
6642
2009
336
1137
5373
2655
2863
2046
2726
5614
472
4553
3539
3484
6149
4366
2871
9600
9982
488
9979
8385
3266
1840
4754
5440
924
3869
2424
2235
2812
51
9732
5081
1234
8616
8771
3623
5401
3328
8011
7484
8135
6814
5200
1262
3206
2750
6954
6595
8966
4350
6054
2520
2383
8668
3559
8768
3655
6358
7670
2951
9391
2631
5354
593
8575
3574
4489
5638
9614
182
8886
490
3062
7593
4768
1193
4153
8073
8478
7698
8836
8169
8496
295
9810
8669
3406
531
2048
5443
2912
9364
2210
7559
1339
2988
2033
8172
1609
5698
2835
3021
3292
4970
5345
9493
607
5745
7799
6215
5028
7724
8100
6376
395
8784
1841
993
3841
5684
9597
2558
7019
6805
4755
435
4051
5858
7885
5448
8657
125
1920
3951
4651
2981
8307
7463
5462
1783
9484
1427
3627
9551
6355
740
6567
6601
7930
3474
9648
9676
5684
2071
9819
8533
1121
5260
3956
1240
5873
830
5817
8308
2290
2601
4952
3107
6317
7493
5998
8900
5745
9614
5799
4473
634
2766
8525
8847
1252
9091
888
7661
2216
2400
2344
3267
7783
5092
2583
6707
7280
296
3092
3878
5966
8720
1568
26
4020
6735
2837
4860
8081
9131
8798
8222
4314
2589
4655
2294
5646
2908
2635
6529
3198
4924
1596
7323
3804
2911
9886
7628
618
1007
1617
6179
8270
8539
6090
5848
6451
5422
4384
9742
4024
6290
1236
5708
3932
2314
8242
1236
5798
4801
8570
608
1471
3374
7221
5773
4666
590
8870
4195
3980
8671
8045
153
6267
1792
248
9285
3539
4521
1709
912
5435
4673
1862
7201
2893
1966
2140
5984
7513
5078
2613
8559
7885
7815
9899
1789
5825
2026
7591
7463
7328
4215
9459
7624
2035
6467
3668
4271
5121
1540
1133
9175
3041
3469
3612
1567
388
3710
4074
68
5089
8427
2050
4363
2205
6552
3036
4678
146
3539
8319
7561
8061
3818
8934
8904
6255
7246
1369
6015
4709
4150
7305
5967
8081
5920
8193
362
9427
5034
2054
548
2191
5064
5020
3639
1755
5865
706
3543
2833
432
9065
9406
6984
7670
346
3636
3126
9975
1124
2497
9672
3051
1049
9784
1293
2104
9682
814
6144
4843
3888
8332
494
7729
3593
4205
5810
6530
5922
1906
345
9648
9156
7764
9582
9605
8593
2381
8455
8335
6810
6277
2300
4240
3763
5796
3278
990
8431
8889
8781
5131
5318
242
2861
5115
6364
3020
6417
7162
8776
7207
7141
375
93
8697
6310
6645
4602
1813
9704
7668
6962
2734
9213
7976
7922
4262
2429
8905
7371
2644
5494
3581
6675
2971
8418
706
7993
3446
1161
2169
6730
203
7962
8386
9283
2742
99
3009
3489
993
1753
5699
9054
3239
1301
3096
5056
2318
5443
7786
3511
4669
5467
258
9742
3904
1423
9427
2181
2661
7975
4091
6541
8708
7873
3450
7489
6218
29
1914
940
5243
1567
7626
9395
735
919
1654
4928
9333
2517
1279
5978
7595
2839
3355
7253
3602
74
5803
4213
7663
6622
923
8333
6081
8007
6777
1786
933
4477
7774
199
9139
2197
4060
561
7784
776
7055
2466
6936
9204
6215
6191
4539
3518
2811
2856
524
5436
8057
4571
9802
8561
9015
4292
4269
4097
7289
3967
588
7753
296
9944
6348
3415
8130
8075
7206
5615
7727
4026
3542
322
2427
5524
1615
1300
2911
3621
3843
7255
2818
2849
8902
3450
4452
8864
8815
7451
5724
4405
1518
7704
8279
9071
1928
6575
6692
5723
2924
5290
5591
9211
3603
6456
3264
2729
5726
4303
9404
9429
2944
3867
8177
6648
8380
4390
9462
8661
898
2861
5748
8721
2949
6097
3629
1795
9778
2339
5359
6456
3125
1214
7579
6465
8068
4136
9404
2183
8790
5814
6229
8520
3835
3060
4746
9409
6458
1575
9925
2535
1975
130
5732
2960
5322
4196
2436
5888
4455
5145
526
8202
1871
833
9146
9508
1181
2917
2491
679
9862
8997
9178
2576
4985
3611
3961
1089
8597
9230
8564
3772
5161
1917
8046
6744
5868
777
7271
701
4615
7896
5812
2126
5291
9226
1354
3603
9424
6875
8808
7002
2389
9860
3756
4788
9393
9852
539
6938
4409
1918
3917
258
5392
6107
242
7988
7195
459
5225
1363
6084
7382
4301
3863
495
5392
5028
1920
9345
1906
2487
2214
1489
3793
9508
5512
9264
6913
2139
7924
2332
2779
1029
5575
5748
8623
864
3005
4137
2795
3349
1719
6238
2026
8858
8478
1761
7901
9269
6163
6716
3782
3847
4850
163
1714
3561
3575
1485
4253
7114
9989
9431
8503
6235
6409
1273
6416
1532
4981
8187
4504
3812
7176
4369
1662
6067
4539
415
6603
3464
1608
1767
7704
1443
7130
1353
9230
9717
5291
6408
5202
6251
4856
8678
689
8949
9086
6353
1843
4605
287
4460
5627
5116
6319
4147
8995
3010
1376
4769
3013
1307
9357
8257
1698
9841
2887
149
9162
9230
8451
8857
2979
378
6843
649
8793
664
1676
785
5670
5840
8142
850
7451
893
7136
1727
713
101
9906
3683
9890
5893
3046
3229
3406
4210
3006
9907
9585
806
5088
9730
142
3165
785
1157
3150
8751
6347
9638
7423
3480
1069
6527
6843
8149
7452
3684
5257
5392
7915
6941
7980
6249
553
1391
5983
7263
7659
8099
5602
9790
976
2547
8227
2789
1323
8570
8946
8216
6388
7768
4748
5239
6728
6512
4459
9477
7197
3602
9975
397
2370
4239
6060
5985
4549
8246
5264
9709
2979
2127
6183
9722
5697
1692
2781
2154
5431
9425
3185
5218
9570
5686
8368
1127
5244
93
1763
7014
9830
452
2460
6188
8074
1934
8018
8925
6406
7287
6918
3267
5304
4358
9958
3885
8191
2553
6975
6349
2359
1708
7913
957
5517
1531
3065
2045
2693
6661
4506
6177
885
8622
1612
6422
163
1524
4158
3825
6866
953
5452
465
1639
459
8543
2242
8493
7519
8355
848
3157
8336
1443
3640
7540
5465
8055
856
4514
7019
2754
2999
4772
506
9525
620
9072
995
3930
2127
4702
5591
2878
8033
6923
7128
7200
4478
7996
5617
7533
1420
9881
6776
4101
7283
9555
221
2846
5265
9102
2025
739
7975
7305
226
2935
9032
5057
5518
3855
5085
2079
5395
2300
3821
4937
3860
9346
9476
8756
4632
5290
2646
8664
2056
3702
7866
2230
774
5588
7022
7560
6357
3130
265
385
4791
2689
913
4240
1898
8791
1186
7859
7759
663
5471
5680
3800
6527
2473
7432
6095
8571
9060
4311
7333
6147
67
9358
236
8231
9047
1900
5526
7828
9438
9461
1699
9537
153
7528
7574
8590
6715
4180
1540
3461
206
2489
4087
920
5602
2161
7730
1211
6175
9531
8385
2701
8067
7631
5330
548
8718
8317
478
6668
8151
1028
7742
9496
1146
401
2371
331
8499
5684
74
3746
6805
776
2943
1998
3011
9339
4138
8240
7911
4831
101
3168
5332
1541
7249
172
8583
464
9357
5445
3781
7301
2484
8652
4973
5586
3078
4111
3867
6863
1577
6826
9379
3558
6882
8049
2710
3883
656
9094
6279
8499
6165
3472
4490
2515
3620
362
2508
4044
4342
4404
9165
4206
6925
2327
7118
2301
4370
7640
8453
4296
8762
8251
5491
9554
5606
4414
2300
3677
5888
1597
1301
4708
98
7002
6139
6853
7887
1685
4721
3434
8203
7117
2931
4676
4103
8691
4857
5150
9776
6427
5
3476
8088
7024
5858
4824
3671
93
9647
1281
4305
7318
5667
7578
3967
7476
4220
4759
8439
9830
3977
1680
7088
1045
8265
3263
6877
7391
2814
269
5469
8802
5676
8178
6550
5159
3491
3815
6171
6956
580
6745
5595
2401
9163
255
600
9525
4969
5072
655
5609
3360
282
8796
962
6327
6903
7276
7031
7724
9435
5584
8718
4978
6048
1772
3983
7077
9480
4597
8023
9563
318
2863
2772
2653
6964
2012
7738
3666
3920
7021
534
1180
4871
8878
5246
4016
1371
2248
9925
4449
7680
175
1168
3748
5224
8756
790
3506
8515
9082
7781
2816
5844
3760
6328
9771
3590
47
4275
1650
9550
2501
6823
7767
5421
4127
1901
953
4005
5531
8974
3460
1834
1592
6065
1766
8618
7919
2785
9081
8851
558
4387
3740
2703
147
8740
8062
7529
1486
5384
2717
8465
7350
4013
5844
6405
9386
586
6366
3812
9129
9782
345
5404
1903
2587
5544
1149
7714
5862
9156
1297
4361
5969
9614
4656
2025
9163
7286
1264
8130
3605
6736
3015
2042
976
377
7890
653
5424
7125
1050
8528
606
1227
9307
3291
2433
3966
5845
4135
2759
2125
5332
3310
5259
4260
6074
7319
2182
9255
6557
4770
4919
4346
9895
7650
38
9875
6495
9788
2499
6184
7927
2788
9435
3357
165
2325
4509
9529
1222
5286
7010
4482
47
2800
9946
6485
4291
6663
9411
4587
2653
4586
4129
6324
626
9915
9685
3908
8834
2663
5337
6044
6166
5323
5347
6002
36
2979
2370
9614
3979
2216
5374
2695
1510
1383
3552
3116
934
9243
9559
8537
5324
4073
1847
3351
1162
5985
9247
3211
4856
9164
9595
7576
4109
3365
9124
1373
3469
9709
9740
1347
1711
3735
3838
2239
3164
5211
6516
4056
1316
6801
8473
6109
6634
2814
4328
2700
9531
3045
2379
7691
6893
5926
7950
6019
7405
5771
3190
6161
5586
6897
178
6334
8529
7762
9480
4091
4462
393
3387
7006
2033
6931
8352
1489
6776
1937
5100
9841
7919
67
5500
6942
5790
2737
1721
4536
2681
8131
9862
762
8373
2229
1768
346
9349
1852
2116
8078
5210
4675
5541
3694
7546
769
4774
9662
3689
481
7275
4746
8466
1925
2917
1687
7683
1572
1734
8064
8198
5604
6555
2320
45
2224
6854
749
227
6521
6410
2576
2954
5077
8679
4628
3863
5321
6152
5275
206
9444
7327
1385
8361
6946
8612
1960
1795
648
8045
6258
1996
6058
4151
1707
1767
4203
1625
5183
327
4325
241
6623
4301
3430
5204
9155
2148
4894
3498
4541
1187
3026
9741
2759
4140
9645
4291
8622
5140
404
7559
7596
9747
1840
1457
7127
9176
5409
6566
9687
8617
1528
6185
4350
2610
9421
1751
4278
8362
2596
7345
112
433
8672
5762
6826
9297
9940
8545
1602
5700
3974
1880
7795
2452
1843
1799
2676
1476
509
5804
4199
9681
384
2787
5218
3720
8536
4181
7980
9689
3323
8554
1046
6045
4130
766
9943
2139
6363
6437
967
6218
1078
7003
9722
5734
6321
2017
9327
9456
3671
4639
9260
1453
9401
6082
1895
2896
8605
745
4213
6254
4516
1377
6247
3278
3896
3877
6871
2062
6948
3798
4210
7881
5530
5722
5280
1838
5639
7007
5733
8573
4308
4480
8837
9784
2988
1575
1985
7680
8709
9020
4961
7748
7146
8768
7286
1954
439
3216
8444
5114
7011
5668
5555
5858
1731
8628
5597
8919
198
7113
7032
1999
6980
4409
9405
3991
9533
8138
369
5001
2145
8486
8501
6039
126
5113
6192
4946
8348
8932
9506
1952
6943
6426
2729
9650
5211
4803
6472
3831
3466
2047
1407
9972
7370
6814
9546
4978
5697
1570
7867
4541
5443
696
8764
844
2052
9946
9718
2133
1677
2802
3857
9519
7780
2218
3028
4496
1524
1842
9095
5202
6433
1220
4475
4780
8089
6138
1841
5742
8855
3149
8699
1258
7954
5603
326
4425
65
7255
4728
3673
5367
3253
2350
9401
5152
570
7312
3222
5823
9582
6962
6856
3914
471
3581
3327
469
4803
8317
2451
4827
4125
4763
5981
3432
4096
5126
3170
7474
185
9058
7222
5981
4605
9655
3930
2946
307
8443
9205
8469
6644
7427
4517
1524
1886
822
401
6185
597
6306
2116
3157
1217
5733
3368
3414
801
4947
4142
1417
5192
8943
5754
5447
4987
8545
1864
607
9550
4366
5358
6834
4269
7370
8783
8192
8874
4687
6874
4254
6121
2863
3579
2447
9816
8038
5369
5059
2569
485
496
3838
551
6022
3998
7370
6866
5765
6789
3522
4958
5325
8530
5082
2836
6231
9936
9022
2966
2224
1481
7457
1181
5272
7225
2009
3807
5888
9632
2010
9769
9604
6356
4709
8824
9080
2900
354
9414
6290
3974
5198
8878
2247
809
462
9009
1561
5484
40
5225
3741
6591
3229
5868
9195
1369
6365
9599
9178
7807
9561
7716
9677
1767
8976
7697
8321
9953
9984
8925
5278
4874
6347
257
1641
2108
2427
8809
5939
5399
9736
7268
7004
4926
4628
985
634
395
3806
6932
8430
404
6604
3324
8352
2257
7929
1144
5875
3167
8913
1557
9649
7196
4184
5614
9689
2558
1125
3026
6868
3121
4295
2682
8084
8312
9348
7607
9646
1925
1908
2817
3783
9807
7458
2371
1666
4768
3903
347
3473
4391
9139
1734
3633
5729
682
2887
6127
6474
2374
264
710
560
3329
4282
5512
7628
910
8858
904
9087
6752
8316
443
3630
9283
8872
4647
9303
9626
6121
1151
9275
6661
6581
4866
8840
3225
3606
8071
3515
589
2956
4343
3389
4567
7226
998
9228
5204
2225
7943
8516
9100
6616
2644
9894
7549
9050
4379
7501
8997
1
1558
8287
698
1815
6532
2869
1070
1148
3678
1727
4057
9434
4337
9416
1912
3790
7152
4613
9337
6391
580
504
1129
9186
5533
6906
4864
5841
5241
6414
2370
1745
7830
360
1825
8170
3208
3854
5422
8872
1716
576
6623
1518
3166
1051
7880
9697
9894
2879
7875
9232
4736
5381
6252
578
5437
3422
8649
7145
8311
1795
9155
1082
1377
3815
8840
7751
4960
9720
5070
4304
6806
7247
3162
7760
5099
3139
6062
1785
9435
1374
5373
6820
2270
8307
6479
7588
791
7543
8778
5113
220
6709
7252
1254
8655
1224
117
7174
1155
7411
8122
1712
6004
6679
5912
2903
2937
7128
2315
4447
5305
2380
4430
9128
3349
6606
6351
1874
6764
3437
8578
8535
1454
5747
8577
7634
2020
4487
1512
7702
1420
5678
7446
7461
1278
6323
7066
3369
8685
9304
434
7159
9345
5365
3273
7508
7814
5875
1251
2384
8948
6270
9333
4575
957
7341
4575
4138
2555
8045
8038
9852
3854
2221
2934
1299
6216
8993
4448
4013
967
1438
1505
2337
1508
6719
1351
5582
9993
3665
3402
7519
7186
9012
8526
9249
9602
104
931
6299
8978
2354
3797
2101
9286
3207
1073
6439
4424
9151
1084
486
4746
1574
7411
1389
2783
8187
7868
6107
8497
504
641
3766
2433
4488
9866
6643
4545
9156
3247
9972
5799
374
1127
2386
5859
1615
6375
2261
2580
9717
9897
9113
8186
527
8118
9240
9679
1238
538
2853
8795
3041
8370
8758
7843
3888
3896
5536
8865
1794
8225
4886
6443
6301
7814
6097
3955
7175
1797
4710
9632
4424
5976
7045
353
3642
6404
2409
958
4826
4545
533
5638
5324
1738
2865
9740
4773
7967
9924
648
7443
3965
7077
6401
8225
4443
6207
5065
6633
5152
8052
3484
410
4618
3
1107
8212
7899
1484
4460
9207
8375
6385
14
3450
4598
6282
2179
530
878
1228
5948
776
609
6292
9490
7333
9151
6533
3073
9980
1460
1327
8822
9073
4193
8082
7300
4894
8887
7699
7059
2791
54
6347
8510
9261
2314
2467
4184
3808
1426
2371
7556
2443
3714
566
4960
5241
2528
2948
5014
2262
1052
2382
3433
6602
366
1433
3627
735
3792
8716
7058
3596
6359
6385
8907
692
6219
9814
9890
1397
5045
5694
3761
4538
267
3957
1690
3776
5737
862
7871
3765
5709
5108
6703
7665
8288
8386
4139
9886
727
6939
7198
4877
4200
6849
91
7217
4661
5249
8535
3595
3622
5053
9196
5590
6108
5364
5801
3321
2593
6167
6046
9174
5822
6099
7673
1177
4139
9396
5488
9821
9358
3519
5406
9898
3927
9377
7800
1353
6880
4319
4540
4258
23
6778
8003
280
4178
8289
2231
1563
8387
6192
9658
4517
6790
1535
321
2899
7645
6155
4819
41
8690
4343
1116
1270
9491
7842
2718
9890
4385
1767
9185
327
4435
1287
1421
7050
7275
531
9465
781
774
3184
8797
6362
9936
3580
3149
5897
6122
1916
3727
3131
7233
8384
3042
167
6016
8227
9334
2017
3725
4056
1778
9361
8573
5140
6847
156
7034
4562
3833
52
4487
3634
1850
3701
838
2374
9049
1637
686
119
632
800
4729
5281
5243
7865
1404
829
399
4617
335
8499
5910
3234
98
273
9520
2495
744
6622
2522
6808
7892
9822
9773
3242
8530
8080
7926
7116
5134
1036
6926
7010
6863
7513
7715
798
1582
3703
3219
8034
6548
4456
6439
1148
257
4794
7300
4038
688
9896
4633
2949
8294
4821
8644
4121
1540
2119
3023
8641
5011
4392
7407
4143
6469
6874
7943
4574
1861
7808
2362
6625
6920
9355
2217
6849
2928
9167
3635
2851
2324
1356
4493
9352
6071
4857
3199
2584
4813
1951
9862
1437
8869
7928
6496
1530
2770
4445
2780
2331
7834
1307
9935
552
2315
1768
112
8915
509
3367
519
3590
4223
544
7749
7388
136
277
6908
634
6663
8239
7134
4080
5624
4898
7771
2028
7819
8688
5333
287
3731
3128
1567
5839
292
1348
7202
7399
9805
6061
2100
1981
2508
9832
9457
2711
3795
5885
3616
8282
2436
5008
4278
6764
50
4233
8585
599
9909
6693
8030
5477
2879
7994
9986
3232
3484
8794
7481
148
2412
5282
8496
1255
303
540
1415
7630
2917
5280
9649
1673
546
6496
7759
5447
6319
6859
8294
9114
3289
7180
8751
5456
3144
1812
5283
287
1443
3690
6080
9053
5235
8573
189
4291
3185
585
3530
1541
9673
4769
3026
5664
7426
6241
1217
2988
5517
2318
656
4059
5547
4314
9559
1603
9991
6842
5663
1312
1466
9060
7916
4250
8601
7511
9575
6009
7436
4834
3264
5351
3438
4490
8729
73
7115
2180
1675
6759
6420
1677
7513
7318
24
7405
7536
5042
2569
1794
4210
6776
6241
7858
1452
2260
8824
7723
6076
9716
4478
3658
5835
2301
5501
576
389
1758
383
5425
6539
6523
5327
4545
4093
4163
9569
8561
7158
1669
3461
5924
490
766
3517
9984
5948
6521
4574
8599
3476
3277
2312
6461
330
1848
9480
2714
6242
3958
5928
7656
3672
2847
7079
4620
3964
6485
5074
7288
9337
9264
563
7450
5388
6848
8177
7892
27
6142
8062
9390
8050
7272
8160
8597
1269
9581
2939
3734
9370
9909
7824
8763
5597
4784
6904
7585
4130
1149
7077
2185
6068
2018
8746
2132
3844
8276
335
2122
7632
761
9314
6637
517
9743
8480
1524
834
2739
82
2849
8221
3001
8716
3966
8724
4667
7821
1607
7758
4040
1298
257
9320
9274
8107
4279
208
3802
1136
2867
2650
8314
4382
869
5176
8568
9467
2106
2886
2546
9471
7249
574
7688
8473
5286
2926
3828
6260
5874
3487
2095
7487
8972
5081
1774
6017
6789
3446
5473
1675
5655
238
8676
5428
4636
2656
2655
1403
8350
8006
7321
4365
7767
2008
2399
2360
4496
6048
9453
1993
8692
3832
5415
2522
2600
5072
2044
3505
6117
4961
9101
2649
9403
8102
6870
888
1690
6559
4475
9638
7706
8020
8860
2466
8338
2964
2191
304
8695
3241
6120
3360
9394
6295
1293
2643
923
2042
9111
2510
9448
3409
5912
547
1001
677
5309
1304
1204
2214
1746
5540
2955
6607
8728
4848
7751
8674
2815
4290
5642
1705
7365
9086
3229
5142
3773
2050
7181
5732
3803
6673
1459
8935
4267
7836
8547
4021
8301
9280
5013
9845
8780
1179
9330
5182
4763
5151
2254
835
9138
4630
99
287
4640
7626
1374
2449
8487
9066
6853
9337
4412
5702
2653
673
8973
3271
3925
6489
1009
4498
3139
8480
5368
7531
2521
1721
9550
5390
1052
8350
498
2145
3763
5925
1532
1952
5785
7678
5885
3919
1185
1249
6141
6199
1445
5263
7779
3508
3416
1000
3121
150
8722
3580
197
5991
8207
3995
5825
9293
2589
2537
9068
9259
8287
8737
7115
8189
6648
2921
8362
6793
7945
200
4200
3974
4201
6978
6229
2587
1867
1630
2064
9764
7870
2087
4527
6611
6744
7155
7727
547
4837
4732
4218
7958
3754
8865
375
8292
7951
9035
3281
4795
365
7813
9652
7897
6501
2887
1298
3538
6418
6976
3871
2536
7990
9867
8379
1540
9099
6915
2357
8778
7015
3092
330
2324
8654
1527
3569
7671
6501
4003
7521
1558
8294
8712
5771
7239
3049
7184
3947
9851
1894
201
9191
8478
7409
3329
1843
9317
5298
3727
1504
7754
7159
5350
43
2408
8168
4131
7771
5283
9496
4052
231
7856
6112
4545
6819
4111
1323
9808
4701
1990
6388
6091
4332
5901
9916
2393
2227
6252
2705
3026
1382
5034
7252
6008
6534
4700
1463
6215
5086
8830
733
3970
5553
8029
5561
3377
540
3303
9728
4670
656
5853
4285
3301
3656
5369
5528
9273
3610
5053
9502
4756
2607
9221
6928
3166
9999
2428
4713
1995
6680
2886
1804
1327
6347
7699
9805
4780
7237
2446
6638
3482
4390
9573
8761
6251
1925
9990
387
9484
8270
2822
2385
1593
7561
9133
5752
6543
6349
1239
7332
9376
2219
2813
2460
69
9226
567
4763
9623
16
1712
5613
2266
2644
5267
9182
9758
9154
5451
9547
9511
7894
5780
6117
6008
4162
8899
9100
6937
4770
1158
3821
3702
3858
2957
4362
9783
8325
5700
7842
1468
7839
9841
4980
713
3489
2281
433
2503
580
4638
4128
5484
1688
3370
2108
5652
6548
645
5526
7318
4838
3686
8576
1776
2748
4919
1161
4513
2262
432
3045
4394
377
6106
8410
5466
9609
5078
5783
5581
432
3795
1682
1252
8686
2983
8021
7685
4924
1777
323
7564
2627
1123
1611
9957
940
4377
8312
5223
3658
3405
6187
5711
8833
1476
3738
3623
661
5823
6649
5756
6790
2708
5459
632
527
556
622
7191
9138
7746
4805
8917
1293
374
2993
4132
8732
8647
2299
2487
6738
8914
6449
6010
1734
5952
1741
3363
5722
164
4790
703
2386
2549
3768
8887
6525
2495
4161
5913
6995
6422
4306
1598
8764
503
7826
1072
940
932
3275
9466
2643
5173
9246
1531
9757
3366
473
6015
4298
1779
6944
5763
9460
7337
8835
1125
8600
6700
4236
3882
3213
3115
2815
2943
3772
8588
4059
6280
878
3504
2972
2322
7486
452
7776
6319
8242
9779
1258
8885
8166
8949
5289
1414
8435
6646
5669
4460
2232
2873
4928
1844
2942
3869
5
2065
7381
1467
5835
7247
8962
5794
5983
2857
3608
4057
6627
4557
7747
4173
2673
273
4256
6645
2484
8263
9413
8942
9304
3489
8671
2444
7524
403
43
9152
5242
3353
5150
5642
9293
9133
5376
9834
6543
8123
903
50
4555
352
7494
64
1552
4604
8784
9554
3286
8729
5935
2471
9304
6361
8930
5414
2880
6747
530
3361
1861
6560
1659
6845
1451
2793
4584
466
7628
4592
1750
6723
7446
9256
4023
1317
1970
7771
8570
5762
2626
5995
3709
3374
954
701
3804
7547
2333
9034
6068
2543
6861
5501
6465
7719
8876
1295
8686
595
4314
2364
2350
3005
1243
2212
7896
6138
8307
1451
4845
5928
9026
7616
5611
2674
1324
9601
4704
8976
281
9293
8315
808
4004
6701
7952
1800
3077
1117
508
8685
312
5572
9711
3931
1535
7927
2071
727
7894
8612
6293
388
4633
7866
7764
4142
1989
1720
1635
8070
6173
1596
3749
9677
315
4024
9781
6236
165
4450
9922
8292
1011
7093
758
1717
2689
7096
4669
5499
2720
7364
1055
945
2850
3613
2160
5617
4832
6478
2542
1907
9754
7124
4762
9752
7015
8564
656
473
2931
4192
9583
8754
9271
9489
5337
558
8527
4516
6507
9783
1440
4181
3295
950
4279
9060
3244
8816
135
2760
3879
146
4372
8833
5552
9211
1864
4622
239
5761
7648
2617
6258
1058
8129
5799
2492
5688
268
5366
414
7585
5823
7070
6712
7622
874
3829
6591
775
937
43
3403
8801
4767
7104
9487
5996
4267
8846
322
1606
8928
6449
5748
9924
457
4834
2711
4917
6393
8526
8957
812
9474
1545
5591
6820
2939
4067
5446
6935
7239
8522
7484
9725
2187
4444
5888
1702
5756
1575
2199
1690
8220
5137
723
7041
9427
6224
2762
2177
1015
7941
6803
7481
7798
26
5384
9572
5194
9656
2275
3438
9787
4990
1098
236
868
1529
1298
2819
1144
5692
8268
6972
2711
1704
8461
1266
7052
6312
7084
3569
166
3122
1356
2624
2154
530
4449
8091
5552
8886
205
5851
6251
6497
9827
6379
3798
3213
1695
1690
5444
5962
8995
8652
3413
3418
6947
9675
9429
8491
2943
3710
7981
5311
8401
3373
8155
7726
6200
5068
5467
7621
280
7380
8228
602
3391
1811
3908
6529
3914
6073
7160
4344
9799
8769
3814
9227
605
4272
6465
9488
2944
8951
3856
5315
3314
3651
7085
2644
1560
9630
8651
1282
2075
7354
9733
1345
7553
6261
6029
3760
225
6895
3160
6794
6392
4682
5127
1398
6749
7460
1742
3506
8975
8447
5206
635
1846
2751
6138
3033
2433
6676
30
7710
4590
2765
5604
2972
399
4377
5519
1353
899
340
5143
4706
6991
1338
9022
580
4557
3890
8740
7718
8273
4600
3567
9549
3337
1610
5218
7331
4824
5068
9434
6779
637
2436
6228
7694
5065
8148
5901
4766
168
5432
4949
3846
6490
7924
6483
5720
7377
9681
9512
1406
5873
2786
9503
9031
5551
6910
647
3823
1566
6556
5785
3686
6969
1031
8345
8057
7954
2840
7464
3028
5520
3808
777
822
338
3382
9937
9654
8528
2893
2732
2622
3979
6421
147
6111
8671
5197
4743
7000
3189
3773
9655
92
7893
5586
9059
6840
7952
1017
7822
9551
7293
1079
5787
6141
7784
42
9746
3879
3165
1190
9847
4369
9860
1777
5725
2476
3319
8721
582
5591
7718
6225
5576
1437
1580
8435
7553
8124
792
4077
6974
6573
3791
1938
6402
4697
4726
9541
8687
5395
8397
1911
4294
8414
1989
5474
9324
9414
578
990
7265
7479
7349
2010
4467
7019
2401
4415
4666
3388
9611
5275
9527
5058
6814
7592
1736
7684
8881
8209
6495
4635
1172
44
376
639
9224
3022
2966
938
4776
7475
7309
7194
907
1747
7880
7717
9952
4995
510
9024
8404
3924
4538
7265
5168
6410
2027
3462
2460
6058
8426
4228
8562
7643
3882
6075
6278
5212
1752
3335
3758
746
7747
2820
4832
7116
7087
79
1274
7175
4591
8638
9773
3281
9842
2914
4602
5544
9682
7476
8268
9965
4062
8647
3011
5623
8966
7164
9597
1765
1018
6141
1700
1760
4158
6497
6878
8256
663
7625
7649
7991
5433
3859
1486
5232
2424
1920
3151
7497
2756
2408
1709
9995
5186
9986
3226
2173
2388
4388
1888
1646
5884
9782
4678
908
3669
1285
2137
3280
7100
3069
3270
1710
8746
122
4787
5661
8363
9305
5673
5824
1242
9453
6320
9355
6036
4313
1358
166
6590
7510
7046
9828
3547
7082
9964
925
5321
5200
2451
4228
7948
1372
6867
8763
5031
3781
5516
9252
7191
919
2495
5307
3888
6887
285
709
8089
5816
7526
2873
5936
6815
4898
1751
7227
7445
2023
7429
7768
9339
9204
4611
9580
5425
6890
2130
3984
9403
6175
5419
7367
2221
435
3196
6567
2373
5068
8380
4650
9009
9387
7077
3596
7918
3030
7208
7796
9410
3904
3585
4267
6827
9834
7486
2460
8631
4587
4297
8679
4481
8621
9617
8083
3312
5102
6339
2479
1028
1127
6922
6504
7049
5104
178
3285
2411
8075
1157
7415
8325
3498
1162
4160
883
9753
1388
633
5029
8368
1498
7050
8417
5408
8536
15
2848
995
9944
6807
2893
4037
4675
5216
4309
3159
9475
1745
8098
2979
957
2374
9241
5610
4328
7285
1076
8768
2073
8754
1526
3998
9477
7794
8486
4976
712
5176
1306
1310
1014
7285
8507
9013
9148
6594
3004
9265
493
4504
5654
6555
6739
1703
8596
8407
3893
7248
2562
5296
5522
4774
5854
116
7720
3708
8224
884
7432
51
887
5454
273
5538
3618
4034
5605
3544
1878
1195
4975
8636
8798
4725
7441
7832
9853
8122
1024
5322
6465
7906
192
6415
495
6820
5532
6718
2183
4085
2868
666
734
6580
550
9789
9256
8048
3566
6230
5522
3678
8573
7505
3408
1023
5929
9264
6881
2526
3299
9439
2170
4968
3469
7868
8063
5572
8148
8038
1950
3526
9502
3134
6723
9311
9712
6088
6634
5198
914
125
2740
6950
7212
6233
6661
1309
5156
1699
909
5019
6179
7358
4585
609
7499
5460
9896
8601
9903
8395
6518
1897
9406
8459
604
4444
3455
6232
4662
9476
3218
5619
3283
2993
5708
2988
9040
7820
4903
8926
8468
7002
3710
165
4827
1875
1972
1882
4787
5375
3463
3243
1346
2881
1714
262
9902
2982
5190
9945
716
3596
2624
6792
7097
5794
5455
8480
1711
8234
4429
2234
4322
8745
6712
6604
428
14
40
1432
3095
2151
9515
535
121
4719
1490
9216
6993
8532
979
4180
7302
6598
2334
2955
8402
3293
4226
3891
4555
8388
1178
3177
4407
6090
6192
9607
4831
9461
7936
875
9209
1199
3759
8660
551
6626
2535
335
1504
3132
2425
3883
8843
5652
3452
5057
9252
3319
2946
3214
643
1410
7171
8007
1996
5167
2747
3075
3381
6460
7200
3782
7683
6107
9671
8050
9440
4304
1975
1210
6828
693
1055
4213
832
5371
9559
7719
4706
9403
4056
2464
56
9108
4844
6421
9248
4051
8706
4451
8169
162
2282
2554
1685
4954
1014
3705
808
8608
9550
1921
5017
1384
6426
4501
3558
4260
1970
3613
6610
5437
4685
5382
7184
3235
2815
2772
3929
2820
1071
7051
1192
1459
5793
5465
3237
6493
5830
9074
2744
7342
4323
4125
9163
6974
5825
6994
5394
4686
3690
8385
6397
1735
4911
5274
2535
6925
4510
7210
5764
4849
5211
377
2953
6379
3798
5075
7111
4827
1168
2966
2848
4227
3087
9542
2317
4557
7636
2964
5061
1637
9773
8889
1254
1896
8021
9056
8
808
8474
7437
2207
748
7705
434
763
5779
6774
9027
3805
6863
7658
6149
1326
7513
3730
7433
5451
8593
9796
6829
5188
4430
242
4778
6635
4080
182
480
6111
9226
403
6252
7421
6755
1534
5073
4724
2947
1852
9602
6911
6815
2487
6895
2742
538
3608
1378
2216
3188
5977
1306
341
9972
5741
6583
423
6240
5345
493
9948
4614
4565
355
469
5930
6350
1400
4340
9378
3809
9741
1266
9481
6584
4600
5251
8085
9896
8220
1800
7107
975
7785
4396
5719
4252
6647
1616
7895
2755
7882
422
2742
1520
3197
3744
6788
6525
7256
701
8675
9397
6984
9219
4934
44
6728
9729
1216
8352
4551
6718
6710
9299
4466
6054
6847
4955
4803
2520
9847
5790
9812
6171
4737
1331
4923
3782
6037
9766
5103
2140
6464
2024
8452
8930
4146
4279
9993
996
2424
7328
9878
5648
6423
90
7067
3987
5914
2476
7263
9041
5707
9765
5005
4696
9934
866
886
9198
950
7253
4418
4760
4052
9892
3846
4690
8414
1383
3058
3198
5566
8779
4937
3207
2203
4186
8229
2779
5512
5089
9317
4266
7277
7380
9196
2604
5909
3735
4385
7386
7333
9782
4374
2509
3748
3431
7988
9453
7495
8311
8014
5454
1712
6784
9043
7802
3808
4350
305
912
2725
9099
2675
2103
1540
9186
4125
5053
9572
6651
4033
3550
1255
7124
5940
3113
8857
6743
4242
2449
9046
8802
1471
2915
4258
4796
9784
2536
4409
8764
1431
1640
3110
145
8522
5032
6906
8755
276
6167
6606
1157
5190
8667
6546
4853
9082
7424
2164
7364
1956
4734
8257
7357
9699
3335
5983
6217
8558
6093
8576
4312
3713
4968
6675
6187
6307
8659
8884
4575
9979
1606
2334
9870
6894
6736
432
23
6922
9817
114
4423
1602
2874
5221
1552
2311
9337
3904
4626
4696
2660
3677
9795
8471
4560
1472
2626
1338
1933
4316
8689
5713
3128
5075
2645
8777
4094
4751
9529
4659
5687
4160
5174
9865
413
2965
7554
7511
9293
43
3247
6763
9500
9709
4001
4849
5106
8190
869
4809
9240
4493
3076
5428
1482
3957
5907
8002
6358
8044
6653
3272
1783
8989
4729
8435
1835
4293
5183
1684
2063
5036
8605
8549
3895
3952
3290
5027
9663
7005
8461
6587
2402
9215
9811
4800
8156
7332
5957
4807
4745
8233
7566
5162
2745
5358
2361
5361
6050
1089
1764
5590
9935
321
2194
1232
414
2490
107
3678
122
8719
9243
9941
3497
6985
6113
161
3136
3026
4741
4124
4406
9752
9523
8038
335
3819
8501
2580
8656
6397
2452
7217
1779
1901
3299
8314
5938
1866
9465
9095
2605
8626
6466
567
2348
6504
1098
4468
9108
4815
4396
7631
8548
1191
3769
6264
5252
5939
4081
2021
6546
350
1842
4459
6610
7610
1027
5221
8181
8738
5926
6841
6028
228
2688
274
6981
3079
9637
9400
7730
6973
576
1150
1150
8363
8306
68
8146
2077
4166
4414
6848
2651
6060
9344
1678
1646
733
2376
4827
9368
2113
7580
1294
3137
8927
3275
3469
4399
7173
7692
3670
5048
3528
4717
8815
6032
9485
2552
357
5297
3853
3578
1216
3847
6273
4836
3531
8622
1811
8706
1777
9819
247
748
9956
3075
7379
7311
1977
4065
5308
9299
2281
2826
8281
2347
1574
217
9471
3736
1173
9235
5224
9022
6550
9026
6868
1221
791
1732
7540
9961
6991
4295
343
7509
6454
6084
4175
1656
3105
5586
3888
6155
9288
1781
1486
2330
138
3887
385
9356
9923
4938
3964
6528
7291
2230
3075
8417
8378
7896
4633
8731
9369
7357
586
1819
7774
8682
756
2902
911
7502
8931
9182
9688
3968
813
1144
7964
9556
6303
3446
4951
8445
5115
2449
5177
4989
103
7492
5854
1062
3306
2895
5357
8618
4001
6846
6397
7319
2556
6681
9772
4728
1176
9202
2287
8182
4551
5318
1
8133
1228
4674
7913
7974
5904
4171
3210
9863
8621
8602
1899
467
4823
6903
9971
4042
2123
5384
1912
3057
4627
9236
4421
6957
8424
8988
8462
8004
6005
1584
8354
8502
4463
9398
1179
1371
2160
5281
4456
2965
8811
200
8896
2589
9929
9045
762
8060
2552
601
5510
3719
6681
7336
2358
145
2881
1457
7114
4943
3408
5760
6152
8934
286
3151
7125
2475
8760
2730
8116
7143
2654
1714
2449
3151
3194
8804
1415
8678
2530
6685
1623
9655
9169
1449
7964
6761
4915
8224
6045
460
114
3090
9915
825
5993
4516
8172
2362
5422
7413
657
9569
8089
3174
1582
3305
3438
9595
7102
8618
8127
8298
254
4631
2563
9774
2843
906
2904
1739
9021
9162
4171
5163
214
5028
1311
6875
4737
9463
2532
1465
5223
6706
2918
2528
8293
4905
5523
7617
9166
2391
821
3348
1173
5308
1131
7433
2299
3705
4229
2783
8561
1612
6123
9594
9369
6700
5147
8876
8527
5057
2712
8140
5688
6790
3155
3612
9164
1930
6377
4367
4512
5987
1565
1728
4946
1460
6042
8306
2320
3244
2211
8206
6749
1122
1339
8978
1341
3341
5630
4955
9908
6923
6627
1681
1330
8283
4533
1243
5109
4316
3208
8796
13
8407
3203
612
4308
831
9876
2019
556
6788
2677
347
2303
8004
6493
6519
4242
5793
4177
9821
4311
6134
2735
2210
1601
7686
1445
2967
27
3273
9066
2115
7817
5092
3224
5282
8038
3167
2690
920
1461
3964
6065
5319
4627
6263
9237
5673
2573
3711
1813
6003
893
6712
860
8371
9700
6179
1417
5524
1715
8285
409
7426
44
3621
9712
5023
654
2203
824
4439
6628
2265
3129
9650
5964
9128
191
1820
1142
2273
5668
5788
60
4388
4007
9170
9743
7283
1581
9503
4984
8681
4435
6997
250
7983
2372
1669
8777
6917
5201
219
8406
1295
5537
5324
5761
937
1337
4986
6093
8749
2545
2653
6949
3942
2459
6117
7604
9907
6271
1868
4224
1542
672
1480
6326
2858
6902
2466
9561
5991
7380
8261
494
728
9062
5813
3068
3799
9944
375
2794
7157
957
7519
5769
2614
9979
7231
5323
2173
1951
2652
9192
7480
6752
8643
1954
2519
6534
8990
5821
7292
4388
9861
665
2827
3409
5673
8313
3328
3221
5600
872
3685
9549
1933
3009
7635
7386
137
2342
2754
3946
6615
1323
8729
4661
8917
5469
5072
5962
482
2906
6299
1791
2607
5883
4258
3615
6127
7276
5295
4412
2036
2996
8706
293
1378
7903
1651
9489
6347
6550
4840
9175
7663
7975
9189
3179
721
412
2268
4095
7528
3912
6926
5739
8315
80
4350
311
4437
9760
3420
1289
254
8261
882
3455
856
7952
3002
5750
2954
6960
9144
5978
2232
4588
7470
3373
1586
6075
8169
8752
2845
5037
9668
9777
5828
8635
6219
6123
8053
1527
6991
4480
2797
5915
4126
2590
1701
1653
7125
6334
1482
8108
4939
1022
5915
6254
2334
9482
5906
8746
6410
9181
4891
3698
1283
3402
3287
151
2731
2119
452
4633
2768
3798
8739
1117
7586
4618
1182
5118
1906
193
3254
3759
3323
3413
3389
6738
5062