978
4217
3831
5041
824
4327
2490
9757
7889
1022
6454
9201
8483
9108
8452
774
323
6487
585
3699
8749
3387
9234
9856
3172
4430
596
5285
3933
7447
642
1561
2367
2931
1647
5375
552
8769
1353
9764
7125
5612
5088
7561
3775
7914
9949
5864
8131
2985
2594
7274
4338
3701
1761
2220
30
9930
913
354
7158
5705
3984
4228
6376
9363
3052
1950
9901
2905
4585
2599
6443
7446
2624
6061
1168
4951
964
8315
4121
3217
759
7529
8381
2714
4418
2567
8509
8278
7045
9365
7950
1419
4584
5349
9824
823
3482
929
1167
9342
2190
1677
3901
5063
8392
362
7638
866
1083
9569
888
4448
3756
1422
3027
5155
6259
127
9774
7197
9281
8292
4797
3883
2901
4917
469
5474
6431
7591
2915
9858
6706
3447
7262
5368
5941
2197
3009
6197
6122
3484
6362
455
9514
4099
4867
9674
222
1694
8024
4518
6200
2036
7942
4655
7872
582
6901
2790
2250
8143
1212
3662
601
171
1210
9706
1601
7540
414
8986
2645
374
2059
40
5390
5856
166
5013
9106
900
7980
8095
5187
5658
3334
855
264
618
1068
979
4949
6909
6384
5630
2920
9209
5500
9045
9623
6170
8367
667
113
8946
750
268
6437
3774
1659
3741
8212
1602
6543
149
9807
6244
8893
8146
6693
7455
1902
9856
725
5367
8851
1101
9183
3785
1236
9954
7784
8647
1316
2711
8266
5716
654
8539
7663
8987
8567
7006
8655
3843
3226
7381
9097
5205
7600
1020
4181
9285
5469
8383
3703
8844
858
9592
3533
2126
9007
409
5572
6065
2354
6145
2734
2267
5618
8104
4282
8607
9448
5578
2634
4014
659
6441
6369
2785
9078
8485
8515
8725
3125
369
3221
9170
5829
7016
9104
6325
9672
3493
1378
2053
457
4054
3076
8153
8702
5022
7311
4757
8480
6595
7741
1330
5374
8658
9298
4285
5457
2934
9219
2360
1441
1162
4362
7516
7026
917
9341
1373
3092
8445
9412
3270
8812
7694
8681
8429
4984
3632
5136
1367
8425
611
8823
4635
9005
1906
9683
7328
2404
7023
7721
4421
5146
7998
9057
823
4945
6097
2791
3736
9258
9081
9394
599
9218
5295
8353
9746
6352
3004
6628
5459
1190
8050
4032
8642
5623
4785
9829
6042
3977
596
395
7
9852
1202
9052
1451
7221
1853
9147
4051
9314
7471
9700
6100
2527
6680
480
8266
4378
8293
9853
4589
5426
963
4332
2458
422
1102
6827
871
2132
5494
3084
9600
8339
5548
8832
7822
237
9275
9922
204
8599
2618
514
5047
6151
7964
1290
4073
2320
49
2412
7619
7608
3705
3048
7190
7824
3674
2040
6498
1125
6629
7617
7730
9204
9323
2243
1681
6570
9363
4684
9719
2962
7836
9207
6589
9148
5193
6313
9757
7007
4676
8910
1841
8644
3845
5027
8030
9677
2502
5259
5272
3172
5623
6468
4402
7162
8126
6040
5301
5693
6790
5985
9636
670
1655
7610
6631
5407
6779
1832
7295
3039
4419
8208
131
2446
127
4688
3805
7994
1717
3215
2780
3890
8027
2205
4970
785
7377
6266
5365
2011
8323
7763
1855
8393
6698
9932
2117
2922
7100
7148
5811
4112
5890
219
8560
1310
9444
3903
9149
8525
5753
704
6189
8960
6549
1863
3025
1355
6549
5188
7833
7100
8353
7939
178
3831
3263
8885
2242
4040
9429
2037
6984
8047
5132
8812
3069
9602
824
3740
1053
4898
688
9925
9145
6061
5057
9469
7282
8737
4076
9544
312
3737
8799
7356
673
7860
9263
1494
2080
7401
4241
2077
3054
9302
212
4960
3051
6137
3652
5214
3616
2560
3394
3609
2992
2548
6155
8350
3597
4312
6439
2142
9978
1869
9793
1629
8175
7940
6725
4882
9562
3121
9612
2545
1153
2169
6654
6005
954
2813
243
5573
3678
9347
6236
6488
9807
6906
9933
8271
4294
741
3984
4509
2008
4131
8333
343
825
5950
4048
999
7839
4750
1907
2333
4906
4589
5512
1744
6585
2229
7609
3635
8027
5846
1227
939
794
13
543
3284
2281
1827
3853
2012
2257
981
5081
5741
3605
9200
871
4283
8432
1266
3540
3824
4171
6278
8704
5188
3842
9698
7985
8852
9790
1870
3331
9826
7091
2877
1715
1384
2361
1563
5060
7121
7101
6996
7102
8339
6654
5142
8386
750
7133
9124
8441
167
9386
1798
7934
9967
5877
3336
9694
8953
6109
6
8544
9655
3177
2777
5117
1528
2814
4173
2768
1763
4770
7993
1410
1167
5817
3655
2575
3257
6625
4126
668
916
8210
3191
4694
5537
1735
6852
1649
9386
6117
1434
5000
9145
2515
8602
852
6741
5313
4274
3253
8979
4021
4031
8185
2722
9250
7044
9479
1870
2792
2777
3874
3412
5141
6411
2316
8204
6690
7717
4768
6295
7518
1681
9736
7024
7097
3367
3903
8561
6381
741
8289
3084
3755
8917
1349
384
99
5046
6903
7594
2543
7122
2869
8264
4321
7262
9452
54
6817
2408
7946
133
3869
58
1847
4646
1197
2779
3684
2763
4921
1093
7956
1811
8728
6663
1993
7249
289
3059
8845
6643
570
704
9563
528
9638
7163
7637
700
1534
9353
8662
1938
5838
1594
8713
8417
8217
6992
7483
7511
345
8245
1622
7836
3574
9925
429
2295
4742
3973
9525
8767
1359
210
9
6912
7407
2049
8020
5389
7194
1938
5082
6052
3442
938
7102
2640
6407
8786
3723
8155
328
579
5378
3700
2932
2857
9117
6474
1150
848
2415
2055
1356
7357
5704
5448
369
6791
5321
6364
7143
5190
4776
8707
6817
2520
6334
2763
7994
1451
1095
2225
2227
1580
6596
2561
4748
7185
4336
4414
310
9274
2378
9712
9675
1566
3680
9221
9027
6994
9677
9690
9942
8901
1681
5278
2173
6130
6910
621
8189
2667
9698
1305
3578
1629
6062
7854
1567
8534
8519
2563
2945
53
4391
7977
633
8284
929
2873
7739
6520
9915
561
2161
120
3432
7495
2895
4361
7312
6975
8543
3606
4206
7821
8219
6021
6677
2497
4182
3603
2478
3153
3286
4753
8143
7049
5818
3970
544
1048
7362
7732
1738
8755
8556
4594
6924
3039
607
8567
7679
490
9966
6031
3693
1838
31
4535
5344
5257
7060
4784
3223
5271
207
7051
7195
675
537
5014
6885
2706
8738
1501
3704
1766
7944
4543
7390
5050
3547
7744
5133
1072
6863
6468
1868
5287
3568
1005
4456
8886
7500
2199
9580
1647
4369
7487
3624
5371
7896
6423
9349
744
7542
2911
4822
4119
2374
4631
6588
8650
501
9404
4745
2862
1890
879
248
1784
6189
4385
7047
1985
3057
7593
7494
9517
311
3333
3258
4102
1043
8849
3899
6281
9812
9745
1117
3399
7347
3400
4280
180
8707
8578
7791
6942
1739
9750
2941
1408
7326
6024
1692
5670
420
6577
5527
3960
9237
9393
7654
2338
2493
6139
9903
1436
5600
2807
1062
1613
7123
7469
4169
3674
8358
4244
4378
4347
8927
7528
3426
5253
2096
1800
2305
4306
6941
1679
4287
8257
5382
9166
4958
1677
557
1484
1479
3026
7163
9661
2954
6442
5636
9051
5388
7771
8017
2644
5585
6360
9738
1820
681
3838
3728
6514
3020
6348
6114
5081
4622
4309
6309
1823
9422
193
7500
8392
6070
9635
1047
2334
6597
9175
7246
7829
677
7264
7779
4980
9565
4216
725
9912
3142
4602
8447
8927
9363
6897
6988
9832
3426
6554
180
7485
8572
3750
6053
5856
4961
4070
1124
8790
6315
9060
8345
9012
8644
7487
5684
3780
2476
775
9460
6401
1636
2633
3611
5035
1467
2299
9862
5611
9058
1955
5706
4318
3653
2203
2034
5637
5670
6651
8897
2011
1526
1481
8397
6853
8362
8759
8956
6906
2519
587
7326
1213
9665
560
3558
3356
4322
7985
866
8475
4084
7377
118
1320
4838
8365
1821
2211
1894
7239
5658
7594
709
8210
6467
5552
2266
6338
6857
5222
9291
8212
9345
222
8107
3471
7782
4648
2796
1561
6483
5110
7357
288
6621
4652
332
7262
8804
1379
148
8617
6669
281
9256
6185
9885
927
4978
5235
4757
6384
2416
4820
2621
1608
2323
5662
2509
6719
8855
6832
6874
370
3016
3591
1221
5864
9620
7476
6644
8269
4109
9521
7629
2777
6659
7276
1258
5259
1621
4524
2908
6211
3266
1955
5833
691
2743
3082
4724
7415
9232
7332
6208
5223
9923
596
5099
4432
7587
30
8996
2410
7930
1594
9139
1535
2706
8552
6124
5365
2331
8332
9738
2740
6205
3870
249
110
3588
7179
1549
9238
5361
9121
1042
1562
1783
7052
3997
290
3299
8868
473
7204
2405
170
9521
4481
6828
2941
564
2172
8876
4187
2505
549
8817
2251
9887
2602
3046
6033
7061
6208
4823
2367
2616
4215
5215
461
2344
7374
4909
650
4067
1067
1593
3332
5317
8834
349
6468
6720
5661
3707
1434
2897
9733
4176
6312
3461
763
292
6392
9509
7368
9900
8612
5432
7112
4882
5759
2114
7846
3240
2983
5510
5490
9386
2588
6579
3177
7709
3108
3923
4983
9481
4793
4639
4390
7310
2126
5226
4566
3536
7179
1774
6810
2035
5812
6709
9593
2259
711
8528
9954
8235
848
2544
4542
1725
598
4754
9745
7891
4853
3130
6218
3838
6901
9009
48
7490
3858
5373
1611
2458
8732
2875
9632
1602
8796
66
5630
1884
7579
9317
7206
7776
8049
993
2409
4928
4296
3050
1038
3819
405
444
3393
804
9413
4701
9017
7904
2801
7123
7111
5344
7576
2265
7625
15
836
6453
7564
1025
1174
3820
1331
2326
6321
7190
7502
2816
9381
6937
5826
605
8875
3459
4886
8467
8119
2732
3725
6943
3080
1954
7840
8793
4064
6409
5058
1970
1680
7855
3243
7555
235
3422
5096
8494
3316
7763
8111
542
6414
132
7861
4354
8319
137
4704
984
13
1686
1936
1653
3242
3510
3916
3733
7609
7933
7506
4807
9240
1713
4080
6557
1503
9937
7033
4943
1663
9279
281
1721
9156
9987
3019
7616
1377
8812
7567
2746
4556
4617
3259
4167
7173
5402
9921
1364
6888
4077
1555
4906
8710
3369
2806
2932
1418
8777
6472
3047
6643
2603
5154
8865
5030
4606
6178
9765
1337
5558
6406
3933
4609
4603
4661
9379
8918
234
6083
7762
4237
8965
7228
2320
9600
5486
8536
8655
9254
2117
4211
6972
5989
1279
6809
7047
269
1833
681
1836
1501
1884
6630
446
5950
4502
1470
7442
756
1730
609
2606
1266
1960
9227
8432
7324
3070
3335
9526
6608
4146
9355
4688
119
5710
6206
5759
6512
6240
8406
9132
2301
9018
9860
4427
1051
9188
1641
6500
6634
9026
6437
5046
5738
9207
8278
8386
676
4879
3045
1740
6499
6206
1010
9817
2009
4677
4004
998
232
2992
2569
7618
5036
847
2892
6948
1036
1568
7764
646
8660
764
3864
7332
9581
6736
9841
5989
4173
885
5895
8036
8237
2427
7731
8364
8930
9432
6928
9456
5628
3829
7138
5425
41
36
1317
6782
9816
5266
7917
7879
2275
7264
119
2060
3901
6177
3434
9801
1997
6865
7917
5286
5947
2100
7577
9856
110
3800
4156
5015
1455
8191
9859
7052
6812
1545
3851
3518
2947
6181
5167
565
7805
8042
3598
5700
5910
1163
5096
8427
4490
3790
9829
4714
9083
3502
2531
466
5140
8408
5293
5011
5486
7900
3134
2055
9473
1780
4341
7166
2826
3595
3004
6987
4309
7592
2292
9069
5063
7137
3166
2987
1655
7702
9972
798
1288
721
511
4968
8434
3751
2448
8635
369
8346
8040
4123
4372
1745
8076
6835
868
6665
5161
5966
7163
906
6870
5105
4216
3707
773
1277
3470
8903
7430
3049
788
2232
1916
3082
1557
1242
661
2536
1397
3908
2556
9712
1881
9963
1725
5819
6544
6566
9148
4455
4741
8812
3682
5324
3002
1246
5267
9416
223
572
8740
4764
5655
3603
5010
2465
2276
7971
4179
1885
7942
4305
3259
5260
9589
3430
1201
2639
153
8015
4649
1813
7219
2835
296
8854
136
5457
3315
6243
8982
7664
7032
3432
137
2643
8384
4075
4964
7356
3366
9175
4045
3827
4191
1238
8100
112
2143
7298
7390
7640
8013
5703
5184
6927
1897
5621
3630
4656
2256
622
4484
5089
9524
1335
6936
1854
8421
3182
5152
9156
306
1272
814
8994
2905
3324
9525
3390
121
932
1240
3873
1707
3060
750
9133
5110
6201
2611
2177
8389
2035
1792
383
7730
551
6141
2395
9816
5914
8471
1343
4763
3132
8603
2626
2125
3908
7135
6323
1007
3932
8750
1904
685
259
5801
1887
9466
5191
9662
208
36
7241
1652
1918
5309
5479
563
6852
4873
9381
1079
5673
5347
8584
7516
7725
3361
9393
3903
5733
619
3331
74
4213
8692
7157
2243
4075
8113
6447
4020
6179
5118
1806
2508
5945
5390
3302
8947
9503
2998
7411
2287
9380
2965
1956
2361
1856
6582
599
206
4075
5834
1729
6277
8323
5158
2829
3071
2916
9756
2588
946
1338
2197
2824
4289
9002
2453
7460
565
9285
3193
3838
654
963
7300
851
3776
4221
9558
4188
6910
6451
8054
1835
1906
3103
4837
6501
3179
2720
5741
208
4360
1807
551
9599
8496
3254
7529
8757
7816
1839
331
1071
4947
3025
2682
623
1996
1255
8745
432
9185
1020
5180
4572
183
259
2410
9855
4373
9380
1285
6946
2654
6268
4950
7018
5293
6310
2388
2542
3166
3262
8514
2585
9495
7637
2020
1948
7998
5285
1449
880
2730
2052
9321
8221
4190
4579
6579
9179
1387
6257
3899
5598
5725
8170
9584
5632
7351
2399
4055
5148
1532
9277
8699
7371
1356
4361
4764
4084
7475
59
4055
1055
6233
9344
57
7922
5145
969
1542
6688
3584
1868
2965
9935
7533
4039
6347
9161
1209
5594
9120
9594
1883
8237
2354
6000
8281
364
8548
6545
4106
349
8415
7317
2300
7120
6182
9339
3696
7776
4143
7674
6327
2718
9695
3112
4484
4592
505
1398
9798
683
8144
5972
5048
1387
2618
8950
3987
9626
3855
5737
9796
8292
8955
549
5340
2246
1146
4009
939
568
3205
2624
1607
5692
4040
5148
1807
9549
9490
3722
4775
4760
8677
796
9986
7275
4894
835
5850
9980
2003
2140
7029
335
1220
423
6629
5160
5129
791
7111
7516
9734
8987
5551
9689
8940
267
7556
2914
626
7521
248
4661
47
7017
5990
8488
5673
1286
8813
5736
3837
2975
7134
3241
6928
5097
7177
2767
2578
4812
5627
3397
6536
4600
9712
4610
9558
7854
4387
9889
3669
7109
1420
1216
4566
3330
4183
996
9024
4940
6016
8017
3216
4709
2794
2443
7783
7650
1785
3410
8282
5459
4016
8154
2999
6259
6448
9193
2951
2528
4243
2320
4713
6065
9366
4828
24
8416
2949
5423
5574
6201
1468
8284
3154
7852
5956
2713
8066
8962
4227
6976
392
7703
4598
2164
7555
2087
7484
7543
2344
7215
5939
4299
4451
11
7469
525
6059
9422
7114
2898
8130
2761
1565
9288
8929
134
7998
2215
1744
2979
68
7188
8052
2060
946
2336
1097
3244
7785
4607
2309
9453
9340
9294
1130
7543
6318
9686
5313
1109
5510
6374
5859
8603
1038
8422
3349
4366
1936
2096
2231
9885
6979
8280
8800
1193
8763
3729
7265
4454
6203
7054
2300
5161
8343
5453
3273
6756
3210
3240
7009
1487
7865
7618
2706
7306
3782
9652
6586
7571
3489
2363
9284
7865
4688
9504
8950
4330
6290
3635
9355
6681
5082
8491
3038
6809
7913
6579
7546
4114
3798
9796
477
1213
7490
7734
1001
6674
3264
5254
3886
9198
2785
9741
6484
6279
5704
9761
4457
635
6160
552
5602
5179
7408
4176
6279
3490
253
4781
4273
3571
6902
4330
5940
6874
1454
4458
7206
7417
1975
7832
6965
941
9039
7398
1828
3345
5317
6262
6197
5790
3187
7777
6538
792
8202
4727
5321
5699
4300
8926
2733
1929
8971
604
358
9412
8927
7802
6041
7890
49
4917
2474
5904
6574
9922
2041
3742
3736
2982
1110
2759
672
3010
3599
7689
601
4613
4238
1289
5670
5590
6757
1510
1659
807
9776
2638
4921
5997
207
4344
1222
1663
3880
2923
5171
7321
3530
8085
1799
8948
6121
128
2019
728
8991
1350
559
367
3141
3477
3236
4281
1779
1565
6930
2123
6974
7853
7064
242
2057
7053
4946
6157
6674
2130
9526
1804
3699
6433
8650
6832
7951
9368
4688
9845
7167
7348
6876
785
7078
252
125
5418
7076
5908
1263
2643
779
7007
3999
5161
1535
929
720
3799
2069
6367
3302
2571
2023
7300
3289
7619
5
7407
8397
5856
7934
1833
7300
9436
5266
4615
6183
4498
8369
6437
8691
9311
9568
8448
5957
8930
6272
6786
2808
4867
9289
8211
1939
6787
9646
1495
3635
733
1335
7996
669
6286
3613
576
639
2296
846
9323
4656
2230
7227
633
6888
5135
5077
6046
7326
9727
687
6464
4135
773
1986
2555
3239
6350
6886
4044
7611
854
7473
5384
414
8069
7023
2292
6608
7312
5377
1744
1396
4235
9014
5355
5476
3877
7739
1780
6696
1899
9375
3997
292
8900
8126
9258
9474
3231
7617
6898
9475
6705
7315
5690
8131
9154
6692
9716
6271
1365
4546
538
163
7121
7652
1478
1020
3445
9387
7711
1359
5453
8206
5174
5985
9892
2876
9295
7662
9180
1721
3769
4828
9118
6572
9238
3318
1772
8088
647
8106
5607
3911
6717
3778
7800
3812
9345
1933
4335
182
2283
184
5096
1619
7619
1349
682
3575
8981
3756
8885
7461
7409
6395
8013
2778
8848
8931
8774
5420
1740
137
952
7892
755
1106
6367
3361
7718
8286
4752
1639
6200
7708
3329
5873
9664
5491
7436
8340
1004
9169
3
7908
4271
8476
8157
4852
2968
9861
2461
5298
7980
5105
2316
8327
7201
7882
659
2235
1166
6212
5923
4954
6279
6696
6629
4912
5367
3443
6422
3411
9996
9908
2433
868
2173
426
4294
8778
4962
6298
8412
4610
4969
760
9247
3621
7000
3208
4820
1662
9609
5156
2380
4351
9789
5589
9899
9949
9425
3361
1650
8564
8612
3976
8772
1601
9401
2390
5869
6673
5818
4451
8154
2800
6738
3493
6606
9100
5777
2335
5621
3038
5048
1780
4377
7050
8469
8218
4161
1266
3777
7230
7774
9988
7225
8750
2687
6413
8514
3649
61
1528
9925
609
5498
3734
5298
3616
848
3559
7564
5412
1419
8400
1504
8995
8492
7896
8287
3417
2027
6217
406
9669
4038
9854
3306
3654
7307
1978
5599
9600
1052
6684
4735
9717
8848
1089
7157
2068
5911
5544
4679
3337
9062
8847
7535
3300
89
1979
1487
2071
1526
2814
4493
9930
2464
4807
3581
5836
972
1025
3515
2853
5156
3112
3669
1863
1494
3377
8024
6850
3418
8612
6786
7007
562
2536
2745
6586
3721
2921
1942
4919
5792
4572
2529
3127
3270
4970
5605
8078
5827
3226
7027
5193
2816
9134
773
522
1692
1517
9216
8490
4964
6562
1424
9886
6792
9225
8391
3502
1823
131
4750
4899
707
7001
8035
9678
5074
9090
5182
7357
4288
8686
5910
1816
4173
7590
4684
2102
3836
7106
9059
9169
8431
8631
9193
1897
5965
6999
4086
474
4164
1639
1102
8958
4701
5295
8994
6213
2805
9542
3452
6232
1017
9504
4442
5295
4037
3171
1713
9570
50
572
8014
67
6700
5563
5241
5481
8593
9600
9267
1828
3169
6070
6036
4873
4769
77
6966
216
5871
7679
8644
1817
3774
237
5780
7965
9367
1213
1892
836
290
6615
7909
9480
1920
5184
1411
4499
4210
3858
7372
349
1270
3032
3434
7038
6738
9304
7198
2258
1906
4888
688
8754
7235
7939
775
6839
7768
1308
662
5043
1297
1130
5989
9088
6493
4432
6960
2188
2572
6424
3809
1697
2194
2363
9071
8644
8314
8156
2788
6098
6177
1150
2216
7025
4560
8814
8529
4031
9413
20
8597
7575
2917
9993
849
1381
8915
6871
3265
6506
6183
865
2231
3794
1919
6136
9307
4956
655
5038
8398
2410
4688
5422
9372
9388
644
6073
6298
8033
8548
3715
557
1945
1796
4093
2323
3709
545
2192
2202
9482
8399
8806
2811
9509
603
5531
8356
7133
9184
6222
5477
4389
5096
6549
1979
2112
3302
2104
9473
8695
5428
1037
2755
2874
8946
8713
872
7166
6362
5301
9662
6054
8131
8990
4778
2231
3460
8706
4887
5144
8609
5870
7375
2489
5363
6434
2466
8278
777
5387
949
1868
5572
2730
8485
5
4003
8392
1935
7843
803
1107
277
9411
3582
5989
3260
5087
1071
7685
3221
1401
7200
1811
7979
2271
5749
787
1130
7629
145
4996
8305
7806
1187
9517
7081
4945
229
6949
806
8993
3335
3700
2987
6823
4530
414
8037
2192
8730
1037
4154
5469
4901
3004
1045
4383
8248
5947
5894
2956
7225
8632
1491
5825
4502
5296
2436
5585
5927
7873
3318
4003
7537
7046
3065
1952
5142
1687
6029
8009
2981
4850
139
1986
7533
5047
7722
7948
4021
5908
5384
9259
5500
1999
688
9878
1329
2164
2657
7786
1290
2944
1960
919
3282
3725
9058
9540
5967
5311
5190
3440
9935
4807
5470
987
4721
2112
9443
803
9280
1561
4536
1277
583
334
3664
9125
1413
8576
4784
2134
7693
9962
6247
1664
8784
4464
4281
8230
8663
5362
7471
9023
6497
6380
3976
3417
4653
9208
2628
2550
1855
6072
2058
5081
5263
5171
7099
5173
1270
4293
5917
7719
4524
7959
8407
7929
4154
6696
7368
8260
809
977
7981
9215
2766
1897
5936
2325
284
8441
8582
4119
9090
2960
7737
5367
1218
6620
9518
426
136
487
4434
5637
7712
5490
1538
7002
4041
662
2504
2614
8355
1381
3765
2512
9597
9369
6479
9752
9133
2915
925
5450
8559
1506
1768
6547
599
5479
2585
4489
8319
826
7825
9671
668
3176
2657
4814
2465
3772
3591
7194
6812
4018
1528
6619
1363
7974
628
7270
7959
4702
5953
9044
9491
5349
4672
317
48
2174
2577
8442
3390
1207
5591
4481
4744
1522
9302
9520
4594
3570
6415
8790
1033
3226
5206
1052
3319
6428
9298
3346
5980
1082
8314
6999
4612
3791
28
4675
4670
3632
6370
563
3844
2642
6029
7614
8100
5477
3308
7435
3334
679
3469
4113
113
5079
4660
9073
8019
8175
7031
4032
4179
7375
2350
5749
9253
9603
4613
4920
115
3521
6934
272
8968
3715
7193
1022
7297
1443
2492
4871
5677
5776
6701
9663
1906
7630
9469
2154
6901
418
5079
6393
7237
5068
965
9327
7124
109
8688
1606
3552
8062
8985
9352
3637
1792
8205
4493
442
1611
5860
7466
4334
3739
6442
2214
8133
6126
7445
4854
957
8090
7927
697
7496
8371
5033
2711
7860
822
6236
350
261
6587
1056
2069
8006
3471
5288
5621
9537
2918
9377
8847
7066
4063
6195
1363
6299
9955
7493
1696
7148
2638
6106
8870
4589
7559
5230
7818
7696
1488
1619
5602
7308
8728
523
8581
4153
4357
9610
8331
4184
5189
2371
4391
8311
2032
3010
798
6737
7233
5262
371
647
2613
1567
5889
8737
6049
7580
5783
8442
7427
355
3388
1591
92
114
3942
3631
349
2427
5017
4623
7506
4184
3396
492
2556
9743
9665
4272
2326
7206
1781
5882
8337
1767
7903
2601
6517
671
1189
5619
9881
7044
8120
1180
7168
3510
6753
6358
8589
993
6190
4393
3430
27
5025
9937
1917
1636
2242
9362
2494
5531
2959
2949
7009
2868
2766
9761
193
8406
4743
8890
1870
1611
5615
5069
6046
4894
5385
1033
1063
2621
532
937
4171
4900
1781
5736
5093
9972
2092
8621
8758
436
2863
3737
9787
4674
9852
6972
9631
6588
3290
9282
9030
2699
2929
4137
8691
3675
9156
7136
6
4705
976
3042
8977
9986
1638
916
5910
6555
6079
6783
6574
8609
5556
1862
3569
1048
5623
6448
9115
9257
8426
6665
1312
7935
7748
5638
5841
6549
4804
5038
3192
1342
9869
84
7255
8754
6525
3642
2593
628
1579
3442
2841
8494
8188
1457
8436
3147
1828
1578
3737
3929
1868
7012
301
5842
8937
8935
8900
4882
6663
1901
5671
4294
3079
9815
7728
342
4296
7054
8945
5529
2425
2717
4348
5452
5003
6019
9900
5632
4386
1859
7716
6442
35
6464
9205
4631
9492
1682
2544
6472
4003
1284
657
5618
6997
8063
7610
8355
9075
4231
374
5207
8386
4657
9956
5523
2098
9953
2247
1206
5799
1806
5036
2842
9036
645
6005
5949
8868
687
1259
3273
5141
4312
4457
7936
4932
4823
6888
2459
9780
8786
9171
4135
8664
7549
6356
468
1083
578
4175
9243
5637
3718
8560
3134
7861
9543
3878
8414
2336
9596
4175
3097
6768
4898
7802
8088
4667
4426
2507
9944
2586
7905
1759
4267
416
7130
1692
3457
2314
6238
1800
2323
3647
1499
4676
12
5959
6571
5034
1047
6113
9754
338
8796
3981
5031
3095
3869
9123
9896
9693
4944
8609
2524
4733
485
8202
1127
1278
9692
8103
3096
4316
8744
5770
7270
282
4605
1323
1318
2815
9347
6227
705
5569
7974
7993
7019
6235
7672
9354
5585
1145
2810
7415
7332
6119
5005
5878
2391
1377
2703
7642
476
3927
7481
5757
213
5966
5969
1148
7043
4560
6569
9820
3092
8786
6293
6379
4180
8982
5766
8071
4890
8393
9306
1574
5740
8916
412
8876
9933
1966
5796
3135
2377
8535
2904
4402
8500
2627
143
144
5695
3912
712
4832
4319
71
5020
6184
1776
7624
4056
8410
354
1924
2135
7724
6042
3712
7171
2478
4269
4798
5873
8900
3812
3879
111
3402
2299
8091
7783
3512
2015
2754
3789
9823
2249
6426
5254
7067
4400
7397
1348
2819
7106
3942
6410
1926
5459
5444
958
7818
2612
646
4168
2600
9931
9670
3633
3768
6309
9224
7030
9218
1160
7843
9153
8514
7155
275
4844
4907
8584
3603
4005
1638
5041
1242
2391
367
2735
8760
6765
4030
3463
1251
3861
9711
5489
8668
4120
742
289
9945
8037
6971
2641
2172
7836
3594
1622
7776
9161
9989
939
8861
5048
228
9810
6806
2211
6836
578
5359
4318
1508
6015
7919
6384
6163
1070
8413
3684
6608
2953
8438
2657
1363
1427
8909
2687
3540
2439
2047
5109
3488
3146
5597
9043
7901
95
9409
7168
4213
7966
1952
3662
9611
7839
8147
6536
8812
3553
5305
8170
9272
557
6568
5876
2233
4047
1191
9517
6227
9264
5934
1038
4432
5822
1195
703
3737
8388
7809
7992
9487
9865
5380
1604
324
5155
4644
3923
9337
8630
7715
2920
5000
4375
4377
7266
9677
6118
2892
1233
5761
8583
3322
89
887
974
8359
7972
9822
2779
5831
8271
5969
1722
9453
7304
2359
8342
6622
8153
5195
3014
6023
6107
6484
6209
7673
1021
7579
286
210
7196
5635
2796
6577
2543
4933
8333
3288
3712
1393
8034
4035
5232
6209
8176
7193
7403
8686
4148
2831
310
9252
8867
7166
21
3879
8028
7635
727
2860
3774
8676
316
2815
9438
6690
164
5914
3767
96
7112
7806
5954
4993
5035
6022
863
8660
3592
972
2931
8343
2615
380
2631
7515
263
6924
5298
4935
797
2863
6711
8721
5938
6849
8148
8498
8190
1223
4697
9348
8255
3407
1522
7484
3474
8455
6482
79
3442
6627
242
9697
6446
189
3268
6548
3263
44
2034
7684
2310
2932
5064
8165
2875
6756
5514
3859
4988
8253
1270
3734
2324
1702
4253
4295
6457
4988
5642
6477
103
1380
4066
9324
1881
2141
1570
1215
398
3320
478
593
8452
3938
2712
8169
3340
7271
1082
4779
4286
7027
6750
5472
5255
9005
902
5387
3252
3436
4737
5731
37
531
8425
4016
1015
7020
9494
8535
7070
2040
4241
7744
9468
5866
9883
3849
3707
1619
2369
4477
5249
3158
7831
2991
7032
2731
2642
4852
7869
6366
2019
1360
7861
5624
1214
936
7036
4778
8917
4661
4661
9272
346
806
4432
9459
9112
2114
1821
4704
1419
6617
8069
1077
2796
6011
7337
3652
9324
6701
7511
1493
830
2401
5523
1106
7313
8719
5907
5639
8857
5501
4243
3906
2135
3937
6609
7280
7264
1994
4241
2791
2331
1179
2938
3161
5208
3914
4780
4077
2757
2401
8032
3988
4032
5277
3123
5656
3124
4615
7456
6364
3590
8098
5706
6848
7702
2771
1198
8590
3450
2655
498
592
6565
9643
3361
6449
5809
9164
6287
727
95
3133
7261
9649
3162
413
6446
4853
5198
6429
5580
6306
6698
4239
7915
3356
761
2083
5047
8531
9067
8526
3791
4064
3902
1143
387
523
696
5978
9354
5712
2312
5024
1332
2838
484
5133
6310
9904
7950
2543
8593
5560
1604
6227
373
4175
8765
9117
588
5578
8981
8066
8278
31
1217
4427
8277
9772
6125
9877
6813
867
8140
3413
7041
8049
8229
3842
2231
9010
1331
6160
1148
7875
162
7817
9986
3730
6549
1128
6061
8257
1549
5932
6479
9032
9616
1931
1183
6251
6126
5640
9583
2482
9617
5894
6991
8646
5267
3656
3521
9401
546
6859
3849
197
5251
3568
6558
7589
5821
9161
3761
376
272
4861
5483
72
7514
8646
6910
7515
8702
438
7575
9330
4277
8119
1917
4626
6307
2538
9663
6551
5919
6701
558
4563
5077
9211
6624
169
6370
5161
2821
976
3920
1441
6124
175
3980
598
7549
6263
7675
1502
7876
3057
9649
7549
7665
1028
4518
3907
3373
5373
5205
5212
8902
5428
9735
5056
2324
1992
7572
2336
6757
2415
8847
825
3187
1439
5171
5956
1240
2655
7244
6643
6757
6661
549
8490
7178
1073
3273
3472
9089
4235
3778
1883
8644
5830
8112
754
3753
5047
2581
6895
6595
7685
6573
7829
3283
983
3583
3997
1004
9002
647
8460
3649
1512
7761
9590
2445
2264
3667
7139
9763
7905
6345
590
4128
8686
4118
6877
365
8826
7510
1204
8661
5502
8549
917
7196
4187
9401
4866
8414
5034
1934
4440
6550
9294
77
8108
6701
8294
2319
9567
417
8299
7862
3757
1073
2020
9558
1351
9015
3943
2855
6278
3397
5495
9784
2733
2629
9863
2772
4014
4138
4060
648
5901
6046
4607
6297
12
9759
2839
833
6451
5364
2913
5350
9958
4692
7378
9761
3696
4546
912
6655
5547
6450
8877
4428
1758
5275
3228
6017
4416
3031
709
7411
367
5608
8792
272
1575
7483
7538
2828
9314
7667
5102
876
8933
8909
4037
8048
5009
5768
7922
9863
5028
8680
9942
8993
6763
5923
8006
1473
1896
4949
9048
6294
8544
217
319
1984
3046
8521
9944
7283
7296
9708
8932
8122
4184
3528
8413
2368
1404
9305
8928
1549
3803
3110
176
5159
857
8350
4591
6721
8480
2847
7845
4967
2165
6643
7723
3890
1246
176
9777
7071
103
4373
9253
4404
9972
3343
9608
8709
6497
3149
4416
6880
3554
6838
4654
1385
7528
3854
6818
2252
7247
274
5406
965
143
6535
8827
3849
4320
2904
3886
8813
4946
9669
1241
8785
8195
9126
9828
6797
8445
6453
1399
6989
9435
8252
772
1480
628
6578
3149
9670
3711
2514
2098
8311
2187
5414
9934
5338
5776
6639
748
3421
2772
6615
6186
2824
8861
2179
8585
4659
4781
8012
4769
6494
6629
6451
8786
1483
4340
9896
6400
1531
6354
23
1624
7736
2979
6942
6836
7480
425
1571
5484
5623
6691
893
9236
923
2857
3379
7607
413
6652
5146
6198
5477
7903
9988
2699
3589
1670
4647
1600
8612
8402
401
5484
5459
5441
9860
9897
7749
1846
2540
8898
6794
3590
773
5924
7056
720
3633
3790
9631
7556
4174
9707
4911
91
6170
5013
8185
8528
4085
3882
9566
157
9349
3289
8581
923
4602
3138
6681
5866
3848
661
4591
1487
672
3795
5354
7012
4400
2481
7367
8770
3519
743
2182
2708
8737
6716
3803
3011
291
7192
6912
8150
6784
7818
67
1792
8889
5204
7712
3280
8491
1650
3354
63
1604
6510
7843
1761
8761
1975
2864
6348
1134
8902
5022
3900
8701
1818
9799
35
7934
8583
1579
8432
4982
7124
6780
8790
5177
2959
250
9493
200
8221
4475
5333
3332
2929
3790
6102
8274
2817
7329
2820
1147
5627
4549
1094
6527
1621
5974
6605
7697
6007
5266
1351
7892
1035
8376
4208
2151
3941
6699
7599
371
6434
3231
1623
4696
7855
4824
7912
8514
5761
8733
5502
289
8257
5691
6697
3096
7481
7190
5376
653
113
4209
9569
2904
2677
6000
4013
1663
3739
8775
5314
2081
5373
246
7366
1169
1681
2913
8713
6251
1030
1150
4715
2875
5918
2655
2019
6200
4620
7858
2135
6490
4606
4422
9244
6558
644
215
9067
7005
8568
5553
8388
2342
3014
8091
5110
791
780
610
7184
2190
6253
1772
7416
9827
7896
1028
4564
1408
1756
7889
2154
1572
2396
4649
8962
6893
9418
1400
6004
484
2860
2250
6469
1060
5880
139
6538
3469
4068
2406
4293
8019
8201
674
2273
5410
6483
7373
5901
894
408
3374
7140
4615
879
5118
9172
9092
1527
7731
9101
6180
6609
4055
240
2363
4975
3387
7416
2371
9407
7493
5174
8969
9742
7381
2405
8497
2799
6902
2844
6682
5248
8201
2230
454
9234
8138
9665
1033
8450
3148
270
4488
6193
8386
1570
802
9623
3768
2716
4556
930
9842
2656
3703
2735
4514
4402
4017
3221
9628
2163
3195
8507
6409
1958
3810
1936
4227
1162
5200
1669
3946
198
1587
6855
4638
6704
1014
61
842
8627
7991
3151
269
7024
1889
2502
2478
8883
8738
3556
5502
8299
3353
1677
1608
2726
7270
8209
9166
8408
3311
4141
3043
6838
8558
2955
4117
3344
7639
3693
70
6373
842
6955
8403
94
5030
5934
9746
8354
3676
5704
6477
5462
669
2278
1279
7112
6532
6333
6646
6221
7672
1949
6062
9821
9948
7276
2111
3692
2685
1181
9540
5516
9667
9361
7840
1118
7008
1577
9132
2069
4115
4064
2868
5310
7426
9438
2830
9980
4472
8863
397
6942
846
3334
5771
7281
6845
3798
8593
8617
1913
1228
6317
7880
4107
9683
9504
3660
5403
7977
5812
1884
9036
7327
6019
2050
247
4797
1367
859
4899
4327
5499
3856
5429
4601
97
2619
9530
5284
566
4545
9383
9680
1034
4176
9739
4379
1146
1116
9921
9984
4556
1552
589
9221
466
9077
8256
4486
2456
2731
4598
7035
1292
3043
6989
3064
5032
1527
3903
9859
1330
577
4082
6588
9226
7962
4987
3541
1321
7180
46
6925
4517
7611
8754
5903
2535
2145
8186
3771
9221
6135
6593
3418
7462
753
5378
9019
574
8495
4915
807
7544
9877
7243
342
412
6683
7717
6250
8424
3866
3512
2297
8297
9399
6973
5586
330
2317
3662
9783
8254
2286
7630
303
7154
1579
6281
5694
8008
1635
6055
3212
4577
3468
5324
1872
7169
799
7128
1767
7692
1434
1539
5017
2182
6073
9631
6021
4500
7873
7737
642
5620
3063
1224
1318
8575
9879
6629
326
9013
4137
7162
6800
1705
2946
4803
6241
1748
5495
5860
6969
1319
8312
7419
9066
9100
7336
7844
275
3542
5297
9991
9480
3890
2512
1526
857
2833
7861
9084
2796
7975
9541
3532
1351
1857
7557
985
6704
2040
4735
1455
5367
718
9187
1220
5614
4314
549
7436
4130
2171
4212
1213
5971
2727
5830
3204
8726
3520
9106
5647
7663
3290
5800
9234
2114
2190
2148
94
6705
6963
9798
3657
8083
9985
8972
1828
4904
9607
8565
1685
1977
5796
2629
1589
9214
4061
9405
5280
1920
8088
2500
8072
5430
5349
605
4362
8729
8632
1470
8669
9139
3897
5686
5352
5320
9028
7390
9223
2508
9375
3609
2974
5543
1991
6067
9997
7806
7186
2878
9714
3527
7012
7602
6034
540
4989
1284
8109
3870
1918
1215
4907
6889
4771
7329
7014
5225
7178
8847
6172
8792
5235
9373
8756
8291
3192
3683
2682
3028
4549
6621
152
5678
3882
800
1486
6153
4382
938
5027
3761
5569
8649
3884
5484
7969
766
5316
4003
7777
5622
4312
2114
1694
898
2103
2221
9260
4963
8728
4408
4411
7604
434
6601
9011
9270
7803
5861
5849
3843
4724
2557
8971
740
2938
3570
5968
6231
5399
6705
8245
834
4201
1838
8648
8321
6775
4340
478
2602
1041
581
5203
4085
7961
2772
5345
336
1634
2218
341
6786
6564
2226
5030
9931
1934
8059
5132
9557
8908
5769
2696
5950
911
5280
553
4336
2014
6656
3105
7248
2484
503
9041
8759
9291
1565
9015
2447
1446
6297
9976
2433
6350
6593
2949
5656
5406
7248
4561
369
3602
8336
1810
9218
3144
9493
5392
7159
3078
2906
4168
8459
5720
7256
7120
5360
4396
6270
588
3669
6985
325
8942
963
5549
8254
2144
9125
569
3231
2231
6432
7268
6621
9634
3788
5604
1657
5916
4515
2378
9759
3291
6158
1624
6804
7390
7353
931
3704
6898
6130
4105
6363
8018
1488
5595
1723
2742
3642
7984
3483
8893
6580
5093
427
4395
3225
6219
6716
6348
8428
7128
7402
4735
9105
7152
9380
3532
2797
4805
7069
1619
3040
6927
687
2761
1734
8469
627
1650
2629
4808
3651
9531
6364
6675
2040
1242
9783
3245
1979
8418
2588
4389
9995
7514
2934
1100
5422
4480
8268
7411
993
2474
8798
1918
6770
5058
9826
8150
3096
8785
8418
5173
5822
6441
3519
1143
298
5953
5662
4131
8151
1069
8038
958
4952
8833
5600
8353
5057
7274
4399
1137
553
3471
6150
4826
3501
3043
5182
9278
5767
4129
9637
1129
327
7874
5019
8084
9466
3116
3587
238
9845
4668
9239
1691
8053
9146
106
3549
9016
4287
6114
6424
7549
9175
2141
1188
9511
2394
374
900
4746
5636
3933
7155
5469
6017
1454
8023
8844
8731
2712
5479
9394
9659
1347
6400
6249
7289
8401
6608
2394
2057
1756
2160
4703
1281
5218
2089
4166
1538
5376
7525
8079
9300
3690
6400
673
557
2898
8842
2286
6339
542
1841
2372
2570
6922
2250
8169
7924
7321
5995
5790
501
2865
6949
6480
8066
1914
7310
5472
2201
9217
9514
218
3402
2548
1771
8003
6058
2917
8835
6033
8384
2117
3197
8343
2108
6358
2157
745
6344
2619
233
483
7623
992
8637
9452
4742
4205
7684
6062
6687
1914
5971
2274
732
7632
8545
754
2490
1195
2346
5204
4827
5578
5900
9908
4399
291
7403
4276
2950
649
3953
5812
1059
988
4205
691
5594
8887
9409
9206
7418
5741
2880
9089
2255
364
4380
3884
8861
243
1885
3933
53
1102
8849
256
7562
3827
7387
1065
3432
3525
9945
1679
7186
9305
4343
2564
9030
1419
3791
4224
4847
4406
8754
6252
7593
5048
4169
2393
3469
8966
3749
8997
1115
6922
3726
3849
5486
1747
3570
5870
5330
6566
1592
2570
776
7499
7891
6551
6920
9878
3277
5256
4667
4917
3718
5995
4573
5001
2002
9975
3241
4879
4199
3326
7574
4588
9275
8198
927
9535
4494
7421
2991
4157
7798
7738
3877
5028
5013
3624
6274
4748
1724
9882
6474
3790
7
3243
3529
8629
7588
6898
6000
6938
429
8425
558
4965
3983
2548
2328
5829
6627
1267
2394
4796
7029
9815
5091
5900
7011
403
2130
6336
8167
8185
3054
4764
3739
2001
7268
727
216
5939
4325
5796
1798
3702
1550
3136
9626
5186
2311
5963
8436
557
7848
3286
2191
4726
496
30
6377
769
1532
8387
8454
4996
9655
8621
5125
4855
900
7410
7484
4095
9075
7091
8571
828
7818
5871
6080
4111
7472
3505
1009
2183
4366
1066
7679
5108
815
7309
1217
9121
5979
9716
4013
1469
5031
7394
3731
8899
6742
5755
1677
3654
1984
7512
1848
5121
8294
6956
7710
4435
9908
2699
2659
2362
5745
3742
7520
4369
6007
3020
4639
5288
1901
139
4327
1184
3762
2418
8135
3119
7092
4462
4754
9599
6153
3406
6799
1374
4974
4827
1777
559
7723
2457
6713
166
8699
3190
2031
7358
6974
6070
7646
6480
6307
8746
329
2380
530
9168
1672
3309
6212
9786
745
7479
2715
8102
9330
8888
8602
9968
535
690
7404
8584
4463
7260
9443
5342
4785
1454
1569
9358
7290
6339
7908
170
6612
9790
1504
3430
441
5863
3721
3833
1353
1299
4105
4754
145
5845
1733
5531
512
1213
7219
1928
4038
9477
6253
3164
1505
8105
4921
6700
4925
5081
3237
8638
4566
8071
9409
6265
4390
5017
8440
6207
2196
4999
4619
512
6302
7309
1779
7444
2888
3110
3274
8377
8279
7026
4284
8254
645
2664
9736
942
7402
6404
7699
9729
2140
4737
6361
8259
7081
92
7002
6686
7580
190
7112
2252
8352
994
7244
277
3400
6696
3140
1337
6155
9136
4288
6954
6535
2462
3876
2131
205
9497
267
2025
1403
5877
5223
1953
6049
6510
3019
9024
5951
9680
79
5569
5389
7504
4170
5852
2916
529
369
4354
1460
4985
8086
9322
2602
9139
2924
3602
7066
6325
5959
632
7496
7830
2776
2398
1759
8698
6606
7894
5513
5273
4764
5329
7998
6475
3741
7982
3934
6123
4629
997
6430
5548
5792
1504
9078
6459
2286
3088
7530
1307
4559
2517
635
864
1186
8810
1722
9810
3574
5801
1001
6796
7171
6381
6314
1083
9173
893
4443
4430
7460
7396
2598
5946
5472
5130
2235
7813
5090
8453
6275
2162
9770
8410
2251
3349
7871
2388
5950
1080
9651
591
2588
1885
5784
1355
637
2407
471
8211
3110
7718
6074
7247
8198
9086
212
8329
6969
4328
1168
321
2044
2001
1082
3749
7234
1211
2233
1533
2326
6365
2332
7470
5408
2925
4954
8673
4278
4570
4902
633
753
8847
3575
7130
5668
3273
9699
3705
5281
6184
9535
7354
2266
6219
6938
4005
6771
9803
2188
8004
419
6794
9739
2595
1901
3187
2610
4937
371
9172
3825
9910
8886
9467
3583
646
9455
3643
3089
738
355
3785
593
948
8193
6228
1711
329
3373
5611
7103
1117
5314
8593
2220
3346
8087
1017
4120
4102
7128
7034
2410
9174
5583
1829
3523
3241
7227
6519
2945
1073
8411
6778
6624
4350
5354
2368
5079
165
2633
7689
9508
2485
7353
4308
6248
9843
9314
6621
4940
394
8359
6605
5851
6513
6504
6450
5576
4410
8685
163
7644
5945
6927
7072
9231
2623
8363
6190
886
9713
9284
5906
2140
5338
484
2910
5644
6812
3091
3373
3470
9640
837
5920
3101
696
1056
8559
5120
7795
1824
2010
3362
3313
8206
4709
6856
9764
3937
1603
4962
4892
9503
8780
540
7935
9848
7492
910
8313
8962
6599
5675
4644
6975
4745
8466
7319
3681
5185
6666
5156
4004
7718
8670
2821
7011
4069
9768
9089
8383
6779
7505
8386
8485
8096
6066
3500
1470
4939
7012
3347
651
6965
6982
5829
3362
8090
2489
2593
5402
1102
3865
932
1667
5847
1365
3953
6603
881
3178
9653
2767
61
9771
9713
4164
4382
6534
4865
4761
6878
3742
3112
5426
8485
8141
1221
1441
5428
4899
8197
627
8677
8780
9038
671
1698
1980
1418
5291
2537
7614
5344
3287
1008
1519
6249
136
7428
849
1928
7060
6262
923
257
8835
4777
8267
6490
2315
1334
9343
9376
8328
4882
9061
349
64
193
5633
3836
8509
9538
3364
1999
7651
9166
2598
3332
822
4967
4283
7457
1132
6726
5429
7793
6115
16
2069
3383
9343
2008
9817
6800
7600
7169
8306
1146
1490
7496
3144
9967
8178
9395
3416
4543
4056
3020
7047
7299
3015
725
1614
2077
7214
9934
1131
6255
7221
239
3247
6170
3492
6984
8602
5592
3202
7135
961
5152
6438
8584
3995
1996
6577
7646
9298
4340
9790
3395
2255
2846
9516
5880
7007
4735
2990
2756
5265
1611
4251
1740
2446
5495
3347
5362
8968
4799
4718
3166
4502
9561
7129
7787
8976
8143
3409
6404
1559
9692
9122
3274
6057
3369
5168
6390
4790
1374
1218
3700
5524
6328
8359
5040
8647
7507
1052
7385
7734
7263
7169
6574
1152
931
7464
1612
3097
208
4135
9830
9186
9788
3121
9996
8802
7115
7450
5862
9829
8508
5045
4644
5081
970
3715
3976
1667
1638
3898
5301
4551
2105
9670
234
107
5348
1288
9806
2932
3136
2907
6175
3671
305
6028
7485
1378
8173
3597
8969
4911
4485
9694
3633
203
3399
322
2774
848
4649
6055
8323
8862
6113
437
9199
5631
1531
211
4448
2389
6565
6618
3978
3479
5148
8242
213
9572
3727
1049
1416
2946
7744
2169
1898
3564
7552
375
743
6161
2582
6604
8713
3306
5608
4053
2283
1252
7682
8583
6724
7121
3308
4378
3845
6718
1648
5833
7487
5261
1585
4760
9376
622
7272
1614
1092
2754
2827
6940
8796
7027
5996
2183
2464
9742
454
26
6922
1192
8751
2455
5228
4529
6981
9489
2607
8692
5390
4474
5020
4934
2796
8098
8038
4811
1737
8140
4065
1525
8023
2460
7266
2298
9991
6343
3739
7688
1196
5538
4840
7286
4129
7828
2862
2906
9764
9362
9980
291
4319
4015
520
2238
2012
4846
2996
1565
7083
89
5913
8729
8477
7262
838
7964
6203
8261
1812
1288
9209
945
2611
3294
7152
2856
1134
7387
7860
59
4878
55
467
5140
5610
2379
351
3535
1778
3951
9190
7200
6363
1229
2762
9542
4626
7652
3001
5935
7040
2541
8861
1301
6354
3128
5363
3802
3454
2035
6179
462
3559
4416
6985
7976
8531
1144
2620
4511
7295
6780
4900
4510
2502
126
8200
6834
9693
8504
9457
31
5449
6465
5641
7823
9299
5986
8162
7622
7601
1499
4655
349
8639
6537
7374
7795
4336
7628
8715
8859
5261
7356
1577
7711
6676
9826
1534
9681
1869
2798
2752
6354
3135
7222
2566
2703
4551
5988
4337
7509
147
7334
674
7966
7415
619
472
412
7951
6417
8101
9007
2303
1850
9321
2694
2254
9280
3239
5485
1938
2384
981
4914
5534
2871
8388
1585
7748
3577
8655
8596
3132
9264
6162
7168
3078
7713
4046
8723
4752
830
9035
8313
3000
5743
9654
3591
6757
3186
8709
9094
9918
391
2917
6290
847
5523
9418
3532
430
8423
642
3991
618
2938
2117
9323
8871
6488
323
2426
9926
6272
5328
729
5026
966
388
8116
5403
1512
745
1038
9508
7289
7395
2775
9309
3818
185
1270
1399
3887
195
2088
324
2834
8141
7074
7257
4498
391
8424
4526
4534
8132
7302
3231
1140
595
8426
384
1519
525
2472
8260
8144
5866
8023
8766
8450
2647
5616
4456
9957
8529
7440
5542
6905
5525
7892
8564
3235
365
1421
637
1992
5849
4596
4091
5727
9799
9320
367
9125
3557
5722
6200
681
2571
768
3741
9141
3481
4769
1409
2834
9768
1061
3634
8794
6573
2776
2369
9040
4876
8415
4823
1320
6890
2698
721
9819
9569
7742
5890
5749
9421
8531
7399
3369
5
3816
9089
6963
6743
3035
4745
9741
7804
4330
7046
5745
8494
1038
4220
6310
7803
5064
9935
8904
2747
9334
1989
5543
8738
6545
6884
7519
6756
5416
4874
7419
7624
745
1112
6833
2038
5382
7172
4781
2921
2011
7500
3604
644
9532
2276
5348
4865
6990
6305
5441
876
8996
4617
6029
4093
3363
1019
1651
4877
5030
4434
8105
3818
2624
6338
5601
446
8614
9923
6378
8637
5414
7982
6360
2149
8178
2307
2156
762
2823
3184
7738
4155
6914
3680
9340
7609
8970
1530
6133
4753
8645
8109
2678
1215
8749
66
4890
9709
4718
3788
6364
2606
8847
5727
8842
1194
1192
9720
707
6127
5458
9226
9946
311
420
4250
8023
8060
797
4905
8600
2868
9989
7061
8495
6299
7077
3007
6553
1787
8052
694
6386
4926
8002
9410
3302
7216
2909
2289
8883
2160
7600
7510
413
6356
736
255
9853
8879
502
6834
4900
7192
8289
3478
6340
2705
9986
3356
4451
9609
8619
8944
4602
849
6379
911
3237
9027
7401
719
7184
523
7974
7246
9415
356
8713
2914
4417
7679
2501
633
4237
8659
9995
5740
4156
1503
2639
6253
5991
3465
7899
1458
3540
4936
9014
4287
6403
8427
8059
783
5673
1521
6233
107
2618
6219
1447
1980
4452
5882
864
1895
2467
819
9155
8247
6686
6820
8893
6626
7398
1096
5305
839
6370
2529
354
4103
5818
2127
8137
6616
3047
5199
1984
1353
9463
2928
4016
3467
3244
1476
5720
8892
2670
4355
3739
186
9253
2215
6299
1629
8501
4545
802
7441
1905
4117
6125
4669
4613
5972
7908
6239
1375
198
5106
469
3640
5939
6053
7236
9293
5571
1955
7077
1060
5317
4657
4863
8761
8110
3626
4848
6027
9893
7983
6826
9899
5098
4002
9039
1986
996
569
4802
4858
6694
3956
559
5830
3211
8891
7050
8126
4367
535
5917
7079
5694
116
9773
2736
2123
7335
5071
5488
7533
8593
7144
7534
2513
7268
8114
3979
5236
5006
8825
428
5487
6421
9573
1816
8010
6776
4908
3647
642
9591
5597
783
8491
3264
1522
8092
5558
347
9308
9832
5306
1115
8659
3006
2690
1758
6731
85
6998
4682
9401
6981
7872
2118
5037
7565
5513
5262
3221
8484
1216
4402
8713
6964
6901
3155
1962
9442
8499
6956
2802
7182
9456
8237
4203
4687
6830
65
2852
3218
5481
9277
424
3023
2565
1101
3581
8273
2440
845
7037
8708
7479
3503
4739
4101
7688
6109
7211
2569
8137
3975
3260
5914
497
2929
3749
9819
2783
3347
665
3281
1410
6195
5394
4355
7769
5534
6761
6024
3944
8707
2646
6007
7645
664
3723
7720
5501
1914
5582
9193
9819
5604
8704
2641
7465
1285
1220
1362
157
4038
6564
8433
5389
7276
6256
2531
4607
4075
7112
5569
226
9534
6801
6467
7572
6431
3740
8616
4455
4403
6130
4123
762
1364
5785
1776
5535
9302
6942
1252
9895
9889
1337
4699
9845
5216
7087
3030
4361
9806
6235
9471
4323
9571
3376
9576
9305
2555
1940
1479
2547
5979
8997
7366
9451
4455
5919
4715
3400
8521
7532
538
4567
9497
2329
5957
7
6386
3232
4410
9388
4880
2601
7033
8827
9843
5185
7615
6542
1381
8536
1023
6797
6662
3216
1313
6747
8836
8916
4052
7209
4512
6020
4644
8819
630
1861
528
9509
3508
9747
2773
2952
6200
402
2254
5688
4166
8544
7356
671
5042
9475
9913
1594
1390
733
6093
6406
8676
3224
6491
3417
9586
5848
7234
2092
2597
7819
4316
8293
909
661
5485
5154
5866
959
4035
3389
1886
2534
2915
461
9763
9608
7264
4088
9255
6799
1278
785
596
8993
8216
959
2657
1796
998
4325
5442
9993
4400
5097
2961
4572
6519
8951
1504
2973
8451
2699
6829
3909
8226
2799
2663
5113
7327
1634
6584
5684
1416
418
4274
3280
4716
9535
9238
7171
3999
1025
6500
3994
3444
8203
4540
7573
2544
6195
1708
4499
2907
2055
2437
4326
5800
7771
934
4991
750
155
7327
4241
6549
4892
1005
3607
1716
5805
9585
9020
3657
6937
6232
2353
2970
9937
6712
8280
982
8778
9626
7960
8278
4557
5747
7183
3536
6053
8621
8309
2688
1689
1936
8357
3561
7596
2286
260
9946
7330
2743
7348
3157
2531
9394
1389
3419
5351
5556
919
2589
8207
958
5844
6121
2781
8286
1743
6351
5644
2582
5626
4156
450
8940
6527
536
502
1209
8822
5739
5083
9552
8302
3117
5221
8976
3553
1040
3663
6975
1814
6765
467
2488
5727
4226
8140
3689
884
2095
9310
8745
1295
3452
16
4676
7821
3528
7184
1651
6812
8323
2053
891
2878
4888
1045
8974
339
8012
179
6761
1443
9715
2377
7580
1847
8997
6767
1916
1172
4559
30
2745
4664
4926
8535
6809
4468
5909
3893
9278
4726
3567
104
2166
3678
6959
8259
177
1336
4772
577
5039
8998
9497
9966
9658
9079
1931
9133
3687
8711
4866
449
3596
3065
3669
3658
2345
1772
923
9018
8373
4936
2150
902
7591
8136
3661
718
2539
951
1826
6583
9027
8977
6269
2171
1936
9672
7002
5087
7239
6383
9609
2228
3313
5982
274
4900
4715
9825
6562
4855
1970
2871
71
3146
9436
7438
9218
818
5627
6394
1691
6363
2311
8369
1787
218
7240
5012
7104
3475
202
9364
8320
3477
3668
7128
8696
3059
2307
2207
7189
3633
7522
6556
5859
4442
3725
8523
604
4643
4084
4250
2937
9104
6969
4660
1789
8204
2707
4172
3384
5888
2885
8872
5305
901
5062
8228
2456
5526
3444
1978
9862
7729
3558
737
768
6497
2762
5483
2033
3066
2731
13
2906
2132
6577
7586
20
7501
6184
6990
8136
2342
548
8183
493
6297
8019
3910
6620
402
1917
4203
8829
3281
5723
4719
1124
7991
821
1535
7612
8208
3974
6735
5509
2050
69
4078
501
9215
174
6466
3510
7454
6237
7720
8808
6774
6796
1608
2605
1598
7061
5588
2400
6092
1957
4219
9500
4156
6868
5900
8051
2923
8555
2853
8000
6323
9355
7882
4010
2036
7788
9757
7235
5364
6337
6848
2173
6759
9361
9879
6416
6048
4194
7174
9813
2034
526
3302
9358
5962
1521
9779
7443
162
4869
9200
5146
9173
4316
8857
8887
8999
939
3790
2360
7527
2694
4739
6682
6893
9501
5025
626
8018
3269
2582
954
935
3975
9867
1341
2060
5574
9960
8687
1120
4486
7316
14
4575
5275
4215
4037
6956
7417
4962
4192
8892
7625
5159
5855
8730
422
1776
8858
626
2653
8538
7724
4092
8766
7364
9133
7010
6208
6134
708
6984
548
2125
6424
8597
8987
4527
519
1825
952
4280
3512
3315
8385
8632
1470
5270
2209
8847
9197
4162
3686
3027
3554
3407
1067
8072
1986
9908
4549
551
86
7726
9379
7754
871
2322
6981
9928
2641
9567
5335
5624
9728
9458
4585
3093
8331
6447
8772
4208
5932
2083
8160
2954
6906
9771
5800
4185
4940
8680
4939
5420
5566
2942
5882
9222
1583
3025
927
7268
1863
7236
3334
8780
2237
6495
3394
3053
143
3575
3615
2763
6374
9316
7642
7221
5230
1818
9707
2612
1742
8164
9138
3878
9999
9170
9222
6988
3806
6037
764
8400
6683
4251
57
6155
5061
6507
6273
7707
4509
1782
4668
1669
2753
9514
2697
4239
8844
4549
9877
6328
4571
1925
8104
2888
6684
5142
6587
2067
3579
2838
9442
6331
793
7744
2489
9075
3620
791
3373
2
2496
4379
8004
8380
4373
2027
4745
8501
205
8432
7506
7716
9135
3884
1831
6089
9484
3184
5283
2734
6690
570
210
2251
5570
3123
1115
8828
6703
137
5357
3798
5198
2707
9361
6767
4423
8890
1916
689
4114
9212
4036
3488
5104
9247
5063
5930
1122
6680
3703
6020
2798
6920
4069
2793
2264
5092
7716
9773
2715
5788
1904
8507
7988
3614
3302
2883
5162
2800
5049
4261
9331
9747
7377
6343
3548
5652
6938
7407
8340
5739
6544
4938
7915
3004
4876
3867
4969
6055
7251
4158
625
2898
4226
9421
6026
252
760
3159
6520
4647
5636
1425
6369
8157
8728
3501
5629
5187
1285
5984
2056
1486
8238
9976
6817
9516
8936
8705
7466
3581
1289
2619
4728
3541
3333
4447
9080
441
391
301
5013
8033
8983
6055
1180
4691
2733
7257
4940
6477
2838
5372
2745
7066
5888
3327
1975
5665
785
6502
4380
8168
4299
1380
6184
3339
4651
8986
6572
7249
1263
5567
3677
1118
7984
2048
409
6620
220
2491
9034
7511
7907
2896
7982
1073
9260
2724
1915
8867
776
9954
1962
2789
1633
599
3565
359
2752
6743
2111
6355
3992
6339
6210
5999
3715
393
9803
8516
247
3607
911
6142
390
5359
8586
6350
9459
3144
9909
5075
1995
3256
8464
7072
8773
579
6272
3085
147
1321
1341
8212
7750
1981
6691
1149
598
2458
5480
7449
5935
7
3245
1326
3430
6420
2253
4772
3188
4321
1365
8156
3364
4496
2013
3576
4998
7395
1078
3766
702
4326
8024
9942
8948
3062
2957
4804
7666
6547
2103
3283
7955
8293
7836
9687
9867
2459
7591
3206
578
3052
391
4998
9831
5693
5782
5919
4089
8816
6649
5807
3470
8797
570
8167
2384
5314
2491
2821
411
7119
2475
8810
9623
9934
7114
476
3434
4552
5871
5641
1677
6644
8016
5851
692
4428
3265
3541
1545
4848
9477
7520
9608
5895
9583
1351
4878
1093
3509
7562
7147
626
4337
6799
9899
2912
7098
3005
9045
3563
2100
9449
6707
5309
4978
2114
2592
6889
1305
5209
3666
8366
1769
6436
3939
4994
9892
8560
4509
2547
7161
5752
5663
115
9904
4024
2398
1467
9487
2193
6947
6827
4959
7098
8418
3682
7409
6288
1293
5554
4046
2376
2222
8480
7217
2976
4996
1551
6433
6269
846
2445
3050
8779
9555
8934
5974
9781
2237
754
65
151
8878
4638
6925
546
8160
5027
1377
694
8908
8653
4230
2486
714
2919
3151
7695
6656
116
2224
9036
3412
4863
5344
7348
7595
8623
9891
3289
6825
5732
3229
6619
3051
7069
6215
1452
7667
3775
2205
2757
6370
6968
3644
3892
2254
4431
4635
1683
7423
7270
9397
3003
3094
7240
923
6100
5679
5180
4796
5840
4922
3709
1093
215
3802
6112
7521
6535
7010
3504
2996
5714
1930
761
9771
7823
5551
4032
5510
4620
2579
8422
2966
3447
4411
6466
3370
7572
498
7010
5819
6295
8432
858
7134
5613
4252
4519
8636
9928
8979
8028
3479
4067
2582
5222
7433
1781
2508
8148
5529
2850
7277
1651
6272
4511
9282
5195
5933
2157
1988
8986
3733
570
2469
9263
1163
135
4093
4417
889
2155
8668
3395
6489
6810
7088
6623
6343
1204
9059
2455
4953
596
481
8668
862
8201
1427
4329
8732
9119
5985
2131
6639
2385
2991
6093
8567
7933
9632
7085
4323
5392
8537
3191
7007
1638
2654
6009
6440
5460
9294
5181
851
662
2757
2261
4108
9279
7422
9227
2287
3523
4334
7364
8705
9333
8054
7945
168
9474
1700
4502
9157
1727
7416
4892
2919
4413
5388
2188
2131
1136
9735
785
7402
5025
9202
1401
9012
7518
9275
863
3312
875
7406
363
3457
6907
6630
607
1917
7180
7948
2527
896
4402
8048
1025
5456
8050
5540
9813
3894
6186
8910
8105
4927
9531
8933
790
767
7501
2230
9087
8999
9307
3851
7277
7607
821
2684
3886
360
7335
4811
2521
3699
5856
5917
4964
7119
6235
4144
5188
2857
4729
5826
7291
4073
4896
4227
6687
91
7526
5155
4114
904
8367
3432
1583
8612
2645
734
2371
1497
1349
1296
8185
8860
782
824
364
2606
6577
9262
3092
3086
6551
2749
5145
7777
8157
1532
9792
1000
7806
7395
8637
1974
1368
8443
6036
3368
4257
8333
8163
9663
312
9427
5816
8472
6370
8142
2273
8087
142
3941
7086
416
3927
8332
7462
7257
4113
8987
7881
566
5962
5044
9518
6753
5684
1493
3901
5451
8298
2780
2080
9084
8173
6522
6429
3496
9524
4323
5287
3615
922
1557
6431
8924
3204
5557
5118
7692
9933
2701
7162
1609
2075
3345
7703
9001
1547
5466
9599
679
4774
9712
9850
5918
3716
2543
6363
9622
7493
5049
2483
5087
1444
8184
105
7494
2862
85
3416
603
5078
350
7360
6961
7145
293
9783
1268
6990
191
1970
4996
1066
3978
5794
8203
5669
5153
1347
5816
342
957
9413
7847
3915
1151
2716
2258
5508
6339
3366
9482
9502
4171
1187
546
8245
4874
4828
5948
1645
3519
1906
6113
1954
223
3923
3482
8714
2338
2969
5518
5596
2658
1092
181
5085
8188
8802
8835
4630
4133
3142
3583
3785
8211
4344
9840
9252
6349
7595
9627
320
7069
1461
4372
6874
4693
3667
5062
3151
8106
5868
4470
9647
9353
9367
2498
6403
621
4647
3705
7180
6507
962
4832
3344
1530
6874
2694
710
1063
1885
450
6905
143
6703
4224
4258
32
4550
44
2566
465
7226
3160
1939
5378
9419
239
8123
962
1898
9736
3928
2055
562
8339
7010
362
2862
9473
1688
4150
7918
6716
5659
9341
7941
5986
1234
6899
3636
8545
8816
7702
280
3584
8190
5756
2721
2861
4485
2716
1173
3803
2449
8084
6204
4897
9937
4822
5109
6308
8704
235
8299
5993
6478
5651
4998
8720
7188
1525
5755
2134
7890
1692
7441
6654
9649
8381
871
4864
5057
9399
7372
7786
983
2517
5677
842
9187
2206
2279
3271
735
3537
3490
9604
964
5885
7398
4675
6778
8929
7970
1752
9473
1495
6316
562
4376
8553
384
8041
3296
6203
5372
2753
1693
245
3885
6516